0.23192045 -0.38972792 0.89124930 0.83518225 -0.38993329 -0.38784268 0.49868083 0.83430463 0.23505993 58.19367981 -39.20672607 728.14270020
0.24606116 -0.36778080 0.89676726 0.83912838 -0.38222003 -0.38700217 0.48509428 0.84772944 0.21456537 56.59199142 -35.41523361 724.51617432
0.24250217 -0.36793521 0.89767301 0.83827555 -0.38630038 -0.38479269 0.48834997 0.84581077 0.21475200 55.33232880 -33.53596878 721.45251465
0.24678725 -0.36004999 0.89970034 0.83891702 -0.38536364 -0.38433367 0.48509076 0.84962291 0.20694883 53.58618546 -32.51461792 719.81323242
0.24103120 -0.35758612 0.90223992 0.83581966 -0.39600885 -0.38023907 0.49326289 0.84575957 0.20342667 52.16913605 -31.98965073 718.47058105
0.25392607 -0.34010062 0.90545785 0.83753473 -0.39093071 -0.38171709 0.48379323 0.85528052 0.18557820 50.54108810 -31.78598595 714.04016113
0.24924943 -0.34574333 0.90461987 0.83279306 -0.40024853 -0.38243422 0.49429658 0.84868264 0.18817067 49.81980896 -31.79529953 714.17846680
0.25097305 -0.33660585 0.90758467 0.83532470 -0.39845234 -0.37877083 0.48912549 0.85318923 0.18117417 49.61255646 -31.59087372 711.77777100
0.25383788 -0.32840371 0.90979022 0.83248383 -0.40473348 -0.37836546 0.49247891 0.85342938 0.17065386 49.78405380 -31.12380409 709.22802734
0.26220155 -0.31466785 0.91226941 0.83402669 -0.40164870 -0.37825480 0.48543617 0.86003625 0.15712827 49.75330734 -30.50373650 705.57623291
0.26064524 -0.31075495 0.91405487 0.83687997 -0.39932054 -0.37439847 0.48134679 0.86253953 0.15598336 49.43574524 -30.84908676 707.33123779
0.25891379 -0.30296373 0.91715729 0.83972198 -0.39862552 -0.36873260 0.47731468 0.86562723 0.15119544 48.30627060 -32.49049377 705.23907471
0.25742966 -0.29827765 0.91910893 0.83132631 -0.41649216 -0.36800802 0.49257001 0.85881567 0.14074840 47.14449310 -33.62487411 703.13531494
0.26252684 -0.27967682 0.92350507 0.83546650 -0.41296655 -0.36256510 0.48277757 0.86674047 0.12524554 45.97785568 -33.76008224 700.08850098
0.26413417 -0.26541930 0.92724681 0.83669794 -0.41516092 -0.35717925 0.47975874 0.87016869 0.11241732 45.37958145 -34.57019806 697.57409668
0.26071298 -0.25742087 0.93046457 0.83408433 -0.42526218 -0.35136119 0.48613888 0.86769009 0.10383905 44.41323090 -35.29807281 696.61309814
0.26264471 -0.24671812 0.93281770 0.83113992 -0.43322495 -0.34859985 0.49012557 0.86685985 0.09127279 41.96227264 -35.00477219 694.66717529
0.26630694 -0.22472364 0.93732649 0.83332562 -0.43502581 -0.34105745 0.48440459 0.87192404 0.07141732 38.36745453 -33.10751724 691.27062988
0.27232414 -0.20514579 0.94008273 0.84144706 -0.42310169 -0.33608216 0.46669617 0.88255316 0.05739827 32.82041931 -30.97169113 686.18029785
0.26020497 -0.19731313 0.94517815 0.83561867 -0.44443822 -0.32282457 0.48377055 0.87380904 0.04923325 26.69799805 -29.12952042 686.35620117
0.24915284 -0.20776539 0.94591606 0.82875270 -0.45961949 -0.31924623 0.50108945 0.86347187 0.05767041 20.54952240 -25.07791328 689.90515137
0.24858138 -0.18093306 0.95156240 0.84435755 -0.44090095 -0.30441102 0.47462252 0.87913018 0.04317221 15.36468792 -20.49187088 686.19219971
0.25069073 -0.16361676 0.95414054 0.85843337 -0.41802663 -0.29722917 0.44748759 0.89357907 0.03565844 10.45762157 -17.28134537 679.85174561
0.25666711 -0.13687657 0.95675868 0.86449379 -0.41012987 -0.29059082 0.43217015 0.90169752 0.01306182 6.19277096 -14.97573280 675.72241211
0.35786182 0.00499621 0.93376142 0.89946449 -0.27042028 -0.34327170 0.25079262 0.96272945 -0.10126725 7.09978294 -17.77270317 641.23901367
0.27540281 -0.08476955 0.95758450 0.88654047 -0.36280200 -0.28708833 0.37174964 0.92800266 -0.02476532 -2.51026964 -12.00238705 659.27795410
0.28870502 0.01228659 0.95733964 0.93542564 -0.21670321 -0.27931637 0.20402636 0.97616053 -0.07405677 -3.91875100 -15.37961102 645.47698975
0.27167818 -0.07422558 0.95952183 0.89799345 -0.33902150 -0.28048384 0.34611735 0.93784618 -0.02545092 -14.09401512 -7.19946671 654.70635986
0.25485688 -0.02732899 0.96659279 0.95245177 -0.16551793 -0.25580937 0.16697915 0.98582840 -0.01615413 -15.28831005 -7.20470047 634.29772949
0.23024528 -0.14027517 0.96296966 0.93784559 -0.23207147 -0.25804502 0.25967485 0.96253133 0.07812287 -25.67103386 0.93496084 633.35070801
0.24503075 -0.06120019 0.96758217 0.93485856 -0.24953510 -0.25252831 0.25690025 0.96643037 -0.00393052 -36.15980530 2.57117510 636.06964111
0.23036097 -0.09348548 0.96860480 0.92968822 -0.27285743 -0.24744180 0.28742304 0.95750219 0.02405641 -47.37387848 2.34350014 647.03137207
0.19482513 -0.08680163 0.97699016 0.96928191 -0.13540746 -0.20531967 0.15011357 0.98698097 0.05775424 -52.31969452 -1.70142138 643.10333252
0.22169007 -0.07229949 0.97243375 0.93406457 -0.27056441 -0.23306035 0.27995598 0.95998377 0.00755065 -62.75359344 4.44169998 639.64288330
0.22055349 -0.08736889 0.97145450 0.93406868 -0.26785189 -0.23615651 0.28083858 0.95949107 0.02253257 -69.93292999 7.66617298 639.21710205
0.22249722 -0.07589988 0.97197473 0.91887349 -0.31686679 -0.23508658 0.32582954 0.94542879 -0.00075991 -79.26243591 10.69489574 655.78942871
0.22349751 0.02237455 0.97444797 0.95997477 -0.17819341 -0.21608779 0.16880511 0.98374158 -0.06130517 -78.50356293 6.69934130 647.11108398
0.20268741 -0.08081511 0.97590339 0.92678285 -0.30598027 -0.21782525 0.31621069 0.94860214 0.01287942 -88.40625763 13.17097378 652.83349609
0.27945384 0.00239631 0.96015644 0.93065828 -0.24664994 -0.27025414 0.23617478 0.96910226 -0.07115776 -86.90287781 7.63207293 648.92266846
0.23197234 -0.06993347 0.97020543 0.90345579 -0.35415211 -0.24154165 0.36049217 0.93256980 -0.01897198 -95.64427948 13.78786945 659.90026855
0.32518128 0.02956062 0.94518977 0.90693033 -0.29283223 -0.30286154 0.26782912 0.95570731 -0.12203333 -91.36067963 6.99398994 648.04699707
0.23951733 -0.01258779 0.97081077 0.87327397 -0.43418065 -0.22108406 0.42429027 0.90073836 -0.09300151 -101.10945892 12.62808132 675.58081055
0.23882644 0.03237729 0.97052258 0.84225613 -0.50431746 -0.19043940 0.48328570 0.86291164 -0.14771469 -102.96932983 12.95183659 690.52844238
0.24021330 0.05657819 0.96907014 0.84361744 -0.50602549 -0.17957345 0.48021427 0.86066151 -0.16928482 -100.99508667 13.00599766 687.95874023
0.23955408 0.07626851 0.96788293 0.85433400 -0.49014550 -0.17282841 0.46122211 0.86829799 -0.18257560 -98.25514221 12.06671143 684.45666504
0.23579687 0.08212179 0.96832645 0.85296458 -0.49495855 -0.16572990 0.46567157 0.86502761 -0.18675716 -95.50746155 7.65833807 687.17309570
0.24629538 0.10731015 0.96323597 0.83322984 -0.53107911 -0.15388925 0.49504077 0.84050006 -0.22021690 -93.19036102 1.97711790 687.24676514
0.23886831 0.12942830 0.96238786 0.82617795 -0.54787630 -0.13137965 0.51026553 0.82648695 -0.23780166 -89.23656464 -0.77734941 685.59008789
0.24750249 0.16179082 0.95528346 0.82887948 -0.54589444 -0.12229891 0.50169736 0.82208502 -0.26921591 -86.05160522 -2.07510281 683.56494141
0.23662496 0.17632321 0.95546794 0.83054626 -0.54701048 -0.10474293 0.50418264 0.81834632 -0.27588159 -84.29248047 -4.01086092 682.68029785
0.22681464 0.19352104 0.95451820 0.83118260 -0.54928398 -0.08614561 0.50763083 0.81291926 -0.28543770 -83.01774597 -5.31477642 683.35473633
0.23616429 0.20639345 0.94954115 0.83290005 -0.54631513 -0.08840752 0.50050217 0.81175292 -0.30092597 -80.94094086 -8.08788967 683.44049072
0.23175693 0.22697388 0.94592369 0.82603884 -0.55947781 -0.06813931 0.51375771 0.79716301 -0.31715283 -78.78689575 -11.51607800 684.49450684
0.23500082 0.23685291 0.94269574 0.82558101 -0.56052899 -0.06497376 0.51301944 0.79354209 -0.32726684 -77.98757172 -14.16785336 682.08038330
0.24343382 0.25381297 0.93611902 0.82127553 -0.56739497 -0.05973084 0.51598918 0.78335381 -0.34657437 -77.29374695 -16.47464943 680.89031982
0.23775165 0.25735173 0.93661314 0.81449163 -0.57819456 -0.04788370 0.52922219 0.77424955 -0.34707841 -76.04284668 -18.45776749 680.11145020
0.24484470 0.26008341 0.93402755 0.81422919 -0.57816780 -0.05244919 0.52638400 0.77335614 -0.35332978 -73.80455017 -20.44054413 679.92437744
0.24818729 0.28175202 0.92683256 0.80450511 -0.59290045 -0.03519318 0.53960419 0.75437772 -0.37382239 -71.28664398 -21.91588402 680.87066650
0.25700277 0.29249012 0.92108572 0.80053556 -0.59835434 -0.03336096 0.54137838 0.74593741 -0.38792858 -67.79907990 -22.16503525 678.97784424
0.26499549 0.31246564 0.91221845 0.79996413 -0.59943569 -0.02706031 0.53836149 0.73691452 -0.40881023 -63.45757675 -21.84461975 677.54687500
0.26557985 0.32310957 0.90833211 0.80481964 -0.59301734 -0.02436920 0.53078330 0.73751718 -0.41753963 -59.03665161 -20.56966972 676.19653320
0.26696315 0.34400192 0.90021825 0.81020951 -0.58590990 -0.01637710 0.52181351 0.73373932 -0.43513125 -56.03877640 -19.20648766 673.35253906
0.26269579 0.34908694 0.89951575 0.80856806 -0.58834916 -0.00780800 0.52650410 0.72937262 -0.43681857 -54.47920990 -18.69791412 671.64025879
0.26211905 0.36276600 0.89425594 0.81042773 -0.58583701 0.00010310 0.52392602 0.72470444 -0.44755587 -53.31487274 -17.99704933 671.44091797
0.27352303 0.37424767 0.88607168 0.81342036 -0.58164990 -0.00542740 0.51335269 0.72223473 -0.46351635 -50.71076584 -13.73609257 670.31890869
0.26161623 0.42372480 0.86718714 0.80911779 -0.58612156 0.04229181 0.52619755 0.69059372 -0.49618337 -48.55642700 -7.71525097 678.04382324
0.27050146 0.40301228 0.87430519 0.83733982 -0.54663563 -0.00709351 0.47506762 0.73401093 -0.48532501 -45.79352188 -2.67030549 675.50463867
0.26799604 0.44145501 0.85632646 0.81862181 -0.57299298 0.03919317 0.50797123 0.69050545 -0.51494563 -45.11064148 -1.11030674 676.25585938
0.26274461 0.45475844 0.85097557 0.82177675 -0.56764412 0.04961658 0.50561512 0.68627685 -0.52285641 -46.75326920 0.56021607 677.60290527
0.26538950 0.46860865 0.84259939 0.83176690 -0.55323952 0.04570324 0.48757643 0.68871844 -0.53659815 -51.68395996 1.27055788 679.98260498
0.27096653 0.50028455 0.82236969 0.83669913 -0.54481721 0.05574749 0.47593087 0.67297167 -0.56621587 -57.56018066 -2.44274569 683.90740967
0.26346418 0.50051081 0.82466662 0.83242369 -0.54996955 0.06784669 0.48749980 0.66859812 -0.56153542 -63.11329269 -6.20922279 683.21362305
0.27681226 0.50120312 0.81985968 0.81585449 -0.57336509 0.07505285 0.50769585 0.64811188 -0.56762433 -69.39187622 -7.68098021 682.34008789
0.27390140 0.51266825 0.81372529 0.81776649 -0.56945860 0.08351089 0.50619638 0.64256448 -0.57521951 -76.58539581 -7.24741650 685.43737793
0.26953328 0.52745610 0.80569315 0.81320500 -0.57279998 0.10294231 0.51579857 0.62744832 -0.58331966 -83.77989960 -5.24013567 688.15551758
0.26296210 0.52652156 0.80847108 0.81984794 -0.56370074 0.10044961 0.50862461 0.63640994 -0.57990074 -91.90354919 -3.83004236 693.32843018
0.25909603 0.54601920 0.79670066 0.82230723 -0.55738807 0.11458117 0.50663507 0.62544614 -0.59341359 -100.62886047 -5.13490772 695.00500488
0.25690168 0.54593909 0.79746580 0.81752574 -0.56283277 0.12194567 0.51541489 0.62062162 -0.59091282 -108.83024597 -6.61239672 695.52514648
0.24954018 0.55241656 0.79533976 0.81778055 -0.56008571 0.13243432 0.51861733 0.61736649 -0.59152025 -116.44742584 -7.48602343 695.26324463
0.24264163 0.55552113 0.79531193 0.81535965 -0.56099325 0.14309117 0.52565485 0.61374629 -0.58907050 -122.62207794 -7.78779173 693.63848877
0.23981038 0.56669003 0.78825957 0.81629783 -0.55720752 0.15224157 0.52549803 0.60694641 -0.59621269 -128.90666199 -7.39248466 693.59503174
0.23737743 0.57430893 0.78346741 0.81860101 -0.55249542 0.15697430 0.52301395 0.60408598 -0.60128051 -134.53416443 -6.51434278 692.29022217
0.23268954 0.57891029 0.78148466 0.81256932 -0.55725902 0.17086099 0.53440261 0.59525365 -0.60007375 -138.88264465 -4.72489786 690.28619385
0.23435764 0.58355802 0.77751929 0.81270617 -0.55649137 0.17270283 0.53346509 0.59142119 -0.60467970 -141.26034546 -2.29547644 688.22100830
0.23410088 0.59406722 0.76959759 0.81324840 -0.55343461 0.17982630 0.53275102 0.58377725 -0.61268413 -141.48910522 -0.69755882 686.87438965
0.23646095 0.60198039 0.76269603 0.81056315 -0.55506277 0.18679674 0.53579259 0.57404393 -0.61919415 -141.12911987 0.49841234 686.52807617
0.22983880 0.60042828 0.76593691 0.81124097 -0.55296677 0.19004284 0.53764522 0.57768112 -0.61418551 -141.17822266 1.51079726 687.30676270
0.22546501 0.61285096 0.75734979 0.81014407 -0.54972059 0.20365250 0.54113990 0.56764674 -0.62044066 -141.02935791 0.58602315 687.93695068
0.21887593 0.62095201 0.75266951 0.81094700 -0.54474354 0.21358815 0.54264045 0.56362677 -0.62279075 -140.96223450 -2.39288402 688.28393555
0.21762019 0.64455229 0.73293459 0.81918406 -0.52887750 0.22187077 0.53064054 0.55212575 -0.64310181 -140.59968567 -6.75393724 686.99481201
0.22264527 0.65859652 0.71880388 0.81755430 -0.52777880 0.23033710 0.53106928 0.53637874 -0.65594631 -138.94482422 -12.02518463 684.21386719
0.21735553 0.67426479 0.70577830 0.80741155 -0.53050816 0.25816345 0.54849225 0.51374120 -0.65971851 -137.11398315 -18.58753586 685.21478271
0.19943602 0.68311059 0.70255589 0.81749928 -0.51129997 0.26508093 0.54029703 0.52147323 -0.66041440 -134.81947327 -26.10919952 685.32879639
0.21739613 0.68277830 0.69753307 0.81073219 -0.52426606 0.26049784 0.54355568 0.50888222 -0.66752398 -132.14529419 -33.10723877 679.07232666
0.19920474 0.70030391 0.68548644 0.80934423 -0.51196963 0.28783593 0.55252123 0.49745694 -0.66877407 -129.92262268 -38.15830612 670.81292725
0.18821557 0.72073132 0.66717404 0.80276859 -0.50425386 0.31826255 0.56580728 0.47568512 -0.67348927 -128.23625183 -39.91829681 665.49053955
0.18193021 0.73411554 0.65419841 0.79932725 -0.49789184 0.33642238 0.57269329 0.46171394 -0.67738068 -126.24511719 -42.21490097 667.46051025
0.17838301 0.75248432 0.63399249 0.80319452 -0.48355094 0.34793308 0.56838220 0.44715458 -0.69064927 -120.59351349 -44.22463608 661.62683105
0.18311208 0.76480269 0.61769456 0.80480820 -0.47745901 0.35258612 0.56458300 0.43256342 -0.70294869 -115.60542297 -42.43784714 655.11358643
0.18381347 0.77766675 0.60120445 0.80504209 -0.47005215 0.36188197 0.56402135 0.41747665 -0.71245706 -112.82911682 -37.62869263 651.14483643
0.19232836 0.77935851 0.59633029 0.79962236 -0.47672772 0.36515090 0.56887096 0.40661058 -0.71488142 -111.41568756 -34.56298065 652.26037598
0.18863490 0.78998643 0.58338493 0.79336470 -0.47270072 0.38357133 0.57878286 0.39048240 -0.71591592 -109.64254761 -30.60674667 650.83392334
0.20588370 0.80652636 0.55419010 0.79990149 -0.46493572 0.37946394 0.56371081 0.36517230 -0.74086517 -107.19918823 -23.03815651 643.71270752
0.19759378 0.80050433 0.56581730 0.78967667 -0.47198105 0.39197579 0.58083367 0.36936095 -0.72540098 -108.51750183 -15.87441158 652.08221436
0.22544868 0.80274111 0.55206811 0.80438679 -0.47307554 0.35939112 0.54966825 0.36305216 -0.75236946 -111.77537537 -11.98485279 657.95855713
0.22265315 0.80187052 0.55446273 0.80630201 -0.47115958 0.35761192 0.54799914 0.36744112 -0.75145584 -116.91885376 -10.68020248 658.07812500
0.22702022 0.79982322 0.55564755 0.79627883 -0.48093256 0.36693928 0.56071597 0.35914794 -0.74606466 -120.26280975 -9.96573734 656.03698730
0.22629327 0.80328834 0.55092543 0.79740775 -0.47759941 0.36883631 0.55940384 0.35584727 -0.74862689 -121.67047119 -9.78024578 653.69134521
0.21831229 0.81315982 0.53954679 0.79370469 -0.46962717 0.38663107 0.56777883 0.34383479 -0.74793506 -123.03939819 -9.01962566 652.76220703
0.23359467 0.81771481 0.52609509 0.79994589 -0.46919709 0.37408713 0.55273896 0.33346295 -0.76373035 -125.31875610 -7.37043667 650.77008057
0.21733646 0.82232314 0.52587992 0.79703933 -0.46051583 0.39070937 0.56346542 0.33423167 -0.75551158 -127.16835022 -6.60862207 650.35278320
0.22078387 0.82331389 0.52288538 0.79203075 -0.46420419 0.39648706 0.56915867 0.32660338 -0.75457960 -129.04045105 -6.12683630 651.11157227
0.22584343 0.83346438 0.50431389 0.79252976 -0.45823270 0.40239236 0.56647235 0.30880609 -0.76403493 -129.92166138 -5.79215717 648.07043457
0.22832078 0.84292233 0.48718828 0.78650784 -0.45463008 0.41799188 0.57382464 0.28774118 -0.76676720 -130.35308838 -6.38819027 649.08544922
0.23223156 0.85139430 0.47031578 0.78473371 -0.44969425 0.42657778 0.57468379 0.27000785 -0.77255160 -128.55850220 -5.82940197 645.59442139
0.21820562 0.86159128 0.45830959 0.78118485 -0.43568769 0.44713196 0.58492440 0.26045781 -0.76813209 -127.01722717 -3.64096975 649.60369873
0.22151929 0.87920189 0.42182249 0.76480848 -0.42500302 0.48419118 0.60497719 0.21535575 -0.76656801 -125.50256348 -5.21675301 659.61706543
0.21981983 0.88833040 0.40317374 0.78039014 -0.40812030 0.47374001 0.58538061 0.21049540 -0.78295791 -121.48932648 -10.94829273 651.01666260
0.21691190 0.89248025 0.39551094 0.79516834 -0.39655969 0.45874655 0.56626558 0.21499020 -0.79569119 -119.97891235 -11.44465351 646.54504395
0.20925274 0.90314317 0.37489539 0.81590587 -0.37257376 0.44213918 0.53899074 0.21336049 -0.81484234 -120.77345276 -10.42829609 647.26855469
0.20890890 0.90426457 0.37237507 0.81909770 -0.36982167 0.43853346 0.53426224 0.21339802 -0.81794059 -122.10832214 -12.66912746 642.79211426
0.20033757 0.90478289 0.37581012 0.82064623 -0.36450365 0.44008800 0.53516793 0.22024104 -0.81553113 -124.81186676 -15.86603832 644.58508301
0.21610646 0.92778522 0.30415949 0.81085032 -0.34407592 0.47342840 0.54389358 0.14431678 -0.82665259 -124.50335693 -19.27451324 646.17907715
0.35847795 0.91145021 0.20187245 0.86432654 -0.40575963 0.29715294 0.35275134 0.06796081 -0.93324697 -113.57517242 -26.06166649 620.13073730
0.21733217 0.93560284 0.27823499 0.81357729 -0.33112669 0.47796237 0.53931367 0.12248890 -0.83315021 -119.80953217 -20.31136513 645.90270996
0.33480820 0.93027538 0.14997296 0.86061078 -0.36670595 0.35337889 0.38373530 0.01075403 -0.92338169 -114.70167542 -26.14316177 648.78155518
0.21007016 0.94294190 0.25832531 0.82562810 -0.31261152 0.46969455 0.52364981 0.11461170 -0.84419024 -118.57411194 -20.37753868 646.65667725
0.33786824 0.93179780 0.13265999 0.85655558 -0.36283153 0.36696941 0.39007410 -0.01035678 -0.92072642 -116.70480347 -29.94437790 648.33489990
0.20902261 0.93966198 0.27082407 0.81763053 -0.31985265 0.47872263 0.53646100 0.12137003 -0.83515334 -121.43530273 -26.91003609 646.28662109
0.34443229 0.92470926 0.16211149 0.84239393 -0.38064051 0.38142651 0.41441432 0.00518596 -0.91007471 -120.07592773 -36.79244995 654.62878418
0.19490473 0.95410705 0.22736034 0.80633616 -0.28784421 0.51669037 0.55842197 0.08262318 -0.82543355 -121.11656189 -30.32611084 646.80474854
0.33321133 0.93581897 0.11495288 0.82543504 -0.34846115 0.44410956 0.45566231 -0.05309648 -0.88856906 -115.72846222 -35.04142761 639.35278320
0.20896564 0.96271122 0.17181841 0.81126952 -0.26876467 0.51923877 0.54605538 0.03088763 -0.83718091 -121.45251465 -29.77778053 645.39312744
0.33160275 0.93966538 0.08408159 0.82195514 -0.33150572 0.46313632 0.46306637 -0.08446632 -0.88229096 -116.57678986 -34.50325394 638.78234863
0.21846417 0.96379751 0.15286912 0.79051501 -0.26663789 0.55135447 0.57215446 0.00039375 -0.82014722 -120.13762665 -27.42684364 644.73431396
0.34326431 0.93847257 0.03794713 0.82228571 -0.31980091 0.47071755 0.45389056 -0.13037747 -0.88146889 -114.76456451 -32.12228012 639.02447510
0.22931954 0.96349460 0.13817383 0.78937703 -0.26714632 0.55273688 0.56947118 -0.01768247 -0.82182258 -117.97212982 -23.70492172 639.26489258
0.34252805 0.93885344 0.03506961 0.80856532 -0.31359249 0.49787867 0.47843221 -0.14218168 -0.86653864 -112.84555817 -27.50566483 634.15197754
0.23666562 0.96415615 0.11997314 0.80541283 -0.26374963 0.53079897 0.54341543 -0.02899435 -0.83896428 -118.01178741 -20.07574844 630.43023682
0.22758476 0.96867347 0.09938955 0.79904717 -0.24411185 0.54948550 0.55653363 -0.04563794 -0.82957190 -121.71184540 -17.95009232 634.14843750
0.23356284 0.96945822 0.07483780 0.78831488 -0.23385403 0.56909859 0.56921786 -0.07392488 -0.81885791 -125.35356903 -17.31236458 635.21484375
0.23521641 0.96919131 0.07309648 0.78365153 -0.23359998 0.57560635 0.57494736 -0.07811020 -0.81445473 -127.11633301 -18.60650635 630.16131592
0.23943071 0.96867162 0.06595508 0.77991599 -0.23234594 0.58116066 0.57827747 -0.08770857 -0.81111312 -128.13333130 -18.93004990 622.60595703
0.22448912 0.97292596 0.05497020 0.78678715 -0.21424566 0.57884884 0.57495344 -0.08669571 -0.81358135 -130.82328796 -18.17899323 620.89141846
0.23149736 0.97123122 0.05586603 0.78685492 -0.22070177 0.57632571 0.57207453 -0.08945976 -0.81530970 -132.68634033 -17.02159882 617.33306885
0.23962252 0.96972144 0.04715333 0.77291709 -0.21993254 0.59517229 0.58752108 -0.10617139 -0.80221510 -135.59663391 -16.53624153 616.45336914
0.24479154 0.96840239 0.04770819 0.78220880 -0.22632246 0.58045560 0.57291108 -0.10477316 -0.81289476 -137.32054138 -15.09756756 611.58044434
0.24092045 0.96841449 0.06428642 0.76597422 -0.23039939 0.60016716 0.59602106 -0.09535109 -0.79728884 -136.52888489 -12.09167385 609.84570312
0.24470697 0.96808851 0.05408543 0.76815802 -0.22760433 0.59844017 0.59165215 -0.10489661 -0.79934168 -133.29312134 -9.77896023 608.99072266
0.24954270 0.96752864 0.04023419 0.76421905 -0.22228327 0.60544240 0.59472513 -0.12033629 -0.79487336 -131.18177795 -8.57869244 613.48095703
0.25497711 0.96637642 0.03324844 0.76438451 -0.22250301 0.60515261 0.59220219 -0.12888579 -0.79541671 -128.25592041 -7.41643953 615.08038330
0.25756818 0.96569473 0.03308292 0.77091795 -0.22601862 0.59548473 0.58253276 -0.12787396 -0.80268705 -124.88542175 -6.25742912 615.46905518
0.26408130 0.96411061 0.02745924 0.76618683 -0.22699119 0.60119361 0.58584917 -0.13772534 -0.79863334 -121.90984344 -6.48848104 617.76611328
0.25597295 0.96639669 0.02360689 0.76217377 -0.21678127 0.60999852 0.59461713 -0.13815083 -0.79205275 -118.48035431 -6.78225565 620.70672607
0.25326526 0.96739793 0.00029739 0.76616448 -0.20077063 0.61047882 0.59063464 -0.15438552 -0.79203439 -115.82308197 -7.99197960 626.23327637
0.26415661 0.96447885 -0.00195595 0.76626259 -0.20863637 0.60771191 0.58571613 -0.16203013 -0.79415703 -112.43946838 -10.85785961 627.95507812
0.26028171 0.96520352 -0.02524867 0.77046734 -0.19186638 0.60792148 0.58192241 -0.17768440 -0.79359746 -110.08212280 -13.20720196 631.22729492
0.26027852 0.96428299 -0.04914305 0.76975036 -0.17650732 0.61345792 0.58287179 -0.19749805 -0.78819871 -108.19432068 -15.07686615 632.30029297
0.26234609 0.96255791 -0.06825318 0.76975268 -0.16609284 0.61635631 0.58194119 -0.21423697 -0.78450567 -108.38765717 -17.82357788 637.26074219
0.26554888 0.96117812 -0.07497796 0.78012282 -0.16852978 0.60250068 0.56647348 -0.21848568 -0.79459041 -109.40670776 -21.57989693 635.67730713
0.26698875 0.96076745 -0.07512710 0.77810311 -0.16892095 0.60499763 0.56857044 -0.21998447 -0.79267675 -111.51228333 -26.10245895 636.01208496
0.26097754 0.96255296 -0.07337266 0.77726746 -0.16444893 0.60729945 0.57249087 -0.21552201 -0.79107916 -113.88526917 -31.29594994 634.07086182
0.25086489 0.96523911 -0.07335860 0.76714957 -0.15201911 0.62319541 0.59037983 -0.21261524 -0.77861947 -118.36536407 -34.53040695 634.98126221
0.25500137 0.96427137 -0.07180641 0.76473773 -0.15567458 0.62525403 0.59173530 -0.21435405 -0.77711236 -121.32054901 -37.06101608 636.30816650
0.25123158 0.96478730 -0.07790555 0.75752074 -0.14587890 0.63630378 0.60253215 -0.21887502 -0.76749611 -123.59710693 -39.06277084 638.27557373
0.25236118 0.96520185 -0.06855924 0.75906157 -0.15352611 0.63265800 0.60011619 -0.21169940 -0.77139193 -124.51973724 -38.08662033 640.55084229
0.25408503 0.96400505 -0.07833268 0.76136220 -0.14941110 0.63087636 0.59646314 -0.21993615 -0.77192044 -125.64625549 -37.07527924 646.82867432
0.25967446 0.96129179 -0.09213243 0.76636440 -0.14708492 0.62534213 0.58758384 -0.23299271 -0.77489406 -126.53057861 -35.94069290 654.26324463
0.25918052 0.96002686 -0.10571142 0.75929803 -0.13489084 0.63661003 0.59690213 -0.24526368 -0.76390761 -128.75369263 -34.43909836 662.66400146
0.25829953 0.95918697 -0.11507788 0.76953524 -0.13227400 0.62475640 0.58403510 -0.24993104 -0.77229440 -131.68434143 -32.93926620 668.76000977
0.26151770 0.95548546 -0.13659255 0.78257447 -0.12706733 0.60945272 0.56496549 -0.26627681 -0.78096867 -135.72100830 -32.72951126 676.43365479
0.24574596 0.95843649 -0.14494863 0.78961349 -0.11119803 0.60344607 0.56224543 -0.26274809 -0.78412050 -141.62570190 -31.67403030 686.59069824
0.25316855 0.95769173 -0.13687178 0.79596841 -0.12579159 0.59212524 0.54985487 -0.25885341 -0.79413849 -148.60076904 -26.57761955 694.95452881
0.23562872 0.96058035 -0.14753357 0.79693925 -0.10410017 0.59502327 0.55620807 -0.25778019 -0.79005283 -158.05416870 -23.57818794 703.55615234
0.26135054 0.95186526 -0.16015601 0.80494457 -0.12335888 0.58038652 0.53269184 -0.28060135 -0.79843843 -167.51995850 -26.08194160 705.87841797
0.25806287 0.95209467 -0.16407594 0.80858994 -0.11989932 0.57602769 0.52875906 -0.28132185 -0.80079561 -176.80198669 -28.75472260 706.77941895
0.26208207 0.94760108 -0.18266606 0.79313213 -0.10366920 0.60016310 0.54977715 -0.30217060 -0.77874237 -188.14750671 -30.26682663 714.49774170
0.24299248 0.94817454 -0.20474729 0.79992175 -0.07647053 0.59521335 0.54870784 -0.30841446 -0.77704692 -195.46308899 -30.87808990 713.30029297
0.25398993 0.93853396 -0.23376240 0.80754304 -0.07275837 0.58530527 0.53231943 -0.33743498 -0.77638614 -205.62310791 -29.57981300 721.55249023
0.25669652 0.93920428 -0.22804363 0.81654555 -0.08451624 0.57106233 0.51706958 -0.33279777 -0.78859776 -213.27250671 -26.92745590 717.69268799
0.31620005 0.92544109 -0.20875333 0.78568858 -0.13212693 0.60434878 0.53170604 -0.35511026 -0.76888692 -227.66029358 -20.74209785 722.79595947
0.22706172 0.95730472 -0.17891911 0.77770877 -0.06765737 0.62497443 0.58618474 -0.28105485 -0.75986654 -224.23306274 -18.75852203 712.21075439
0.22621745 0.95261395 -0.20335594 0.78387350 -0.05410238 0.61856025 0.57824606 -0.29933456 -0.75896764 -227.24501038 -11.70604038 705.88073730
0.27362910 0.93936473 -0.20669448 0.78080630 -0.09145062 0.61804515 0.56166637 -0.33050355 -0.75848514 -243.73612976 -5.34284353 724.24011230
0.29170507 0.92368174 -0.24843940 0.78508019 -0.08283445 0.61383134 0.54640424 -0.37410265 -0.74932712 -248.61801147 -0.07832217 721.41937256
0.29326421 0.91199768 -0.28680715 0.78228599 -0.05646328 0.62035638 0.54956836 -0.40629357 -0.73000115 -252.75407410 4.19346905 712.28448486
-0.00802671 0.96769601 -0.25199628 0.64669311 0.19723499 0.73680931 0.76270866 -0.15705055 -0.62738520 -261.20825195 13.18856812 716.40441895
0.22728151 0.95364249 -0.19725947 0.79615945 -0.06531890 0.60155237 0.56078005 -0.29377186 -0.77409649 -255.65045166 7.46803617 701.89996338
0.09772397 0.94563746 -0.31019682 0.74166840 0.13863496 0.65628517 0.66361094 -0.29419813 -0.68780065 -270.47900391 12.49286270 714.99877930
0.23792920 0.94931304 -0.20541865 0.78497326 -0.06338587 0.61628002 0.57202101 -0.30787927 -0.76026577 -257.91580200 5.65666008 697.09625244
0.16716814 0.95868117 -0.23019017 0.70345896 0.04760802 0.70914090 0.69079775 -0.28047535 -0.66643363 -262.93121338 10.33838272 696.92327881
0.13675229 0.96994501 -0.20126617 0.80500430 0.00959139 0.59319323 0.57729399 -0.24314091 -0.77949715 -257.78640747 5.45460320 691.84088135
0.08905418 0.98751569 -0.12994054 0.79117286 0.00911818 0.61152601 0.60507512 -0.15726484 -0.78048271 -256.38806152 -1.03366780 700.35925293
0.02451801 0.98635155 -0.16282508 0.83540207 0.06924457 0.54526186 0.54909360 -0.14939362 -0.82230127 -245.65144348 -5.89740705 691.09747314
0.23425370 0.95817983 -0.16437469 0.82511270 -0.10654109 0.55483329 0.51411629 -0.26559967 -0.81556278 -233.78030396 -16.65234756 688.40863037
0.25739512 0.91112536 -0.32187080 0.75933474 0.01529385 0.65052217 0.59762859 -0.41184890 -0.68791133 -225.57298279 -21.14148331 685.53253174
0.33104768 0.88868481 -0.31725252 0.71966594 -0.02032563 0.69402438 0.61031944 -0.45807099 -0.64628375 -228.82542419 -18.03619194 686.30065918
0.02748509 0.96734011 -0.25199258 0.72843200 0.15325435 0.66775894 0.68456799 -0.20191331 -0.70042801 -220.32183838 -19.97454834 681.78259277
0.22851521 0.89093906 -0.39244214 0.74967057 0.09614201 0.65479219 0.62110907 -0.44383240 -0.64593953 -212.44479370 -25.96545219 686.46386719
0.21856198 0.90511227 -0.36469808 0.76617843 0.07227940 0.63855177 0.60432041 -0.41898707 -0.67767859 -208.00323486 -27.21577835 690.13885498
0.23403473 0.88549703 -0.40140375 0.75775820 0.09253750 0.64594203 0.60912395 -0.45534003 -0.64933431 -200.27256775 -27.71689034 688.09436035
0.23358092 0.89309102 -0.38448733 0.75782657 0.08053948 0.64746726 0.60921288 -0.44261101 -0.65799427 -194.03605652 -27.14933395 694.90313721
0.21449518 0.89949471 -0.38066176 0.77922797 0.07738813 0.62194562 0.58889484 -0.43002689 -0.68431062 -184.22235107 -25.65575981 692.69421387
0.23528570 0.88248193 -0.40726957 0.76850420 0.08761331 0.63381910 0.59501553 -0.46211722 -0.65757549 -174.52951050 -25.98546600 694.71899414
0.32509959 0.82737827 -0.45799297 0.74172843 0.07734252 0.66622692 0.58664334 -0.55629671 -0.58854461 -163.68374634 -30.24983978 695.06121826
0.23393595 0.89230961 -0.38608253 0.72065371 0.10741816 0.68492383 0.65263557 -0.43846053 -0.61791593 -162.78796387 -33.75253677 712.93395996
0.31206405 0.83251446 -0.45775297 0.74519914 0.08437775 0.66148281 0.58931744 -0.54754227 -0.59405649 -147.97421265 -41.79004669 703.40576172
0.23683724 0.87182206 -0.42876139 0.72755456 0.13332075 0.67297155 0.64387351 -0.47133237 -0.60272163 -144.08181763 -44.29206467 710.17486572
0.31541300 0.82504368 -0.46884921 0.74820697 0.08768323 0.65764636 0.58369648 -0.55822664 -0.58964574 -131.57067871 -49.03138733 704.51074219
0.22728725 0.88793117 -0.39990094 0.71802926 0.12460483 0.68476886 0.65785646 -0.44278011 -0.60923827 -129.91493225 -51.27324295 720.57348633
0.25271490 0.84623206 -0.46907201 0.77119499 0.11659584 0.62583107 0.58428961 -0.51990294 -0.62314308 -118.23905182 -53.57015610 711.93170166
0.27741709 0.80734795 -0.52079862 0.75161111 0.15527236 0.64107102 0.59843248 -0.56928200 -0.56373519 -110.31872559 -54.88900375 710.06597900
0.27625257 0.79617250 -0.53832740 0.75388354 0.16790196 0.63519245 0.59610838 -0.58130962 -0.55383658 -103.05567932 -55.26062393 711.18780518
0.29205993 0.77839929 -0.55569613 0.75532925 0.16868141 0.63326538 0.58666837 -0.60468507 -0.53868115 -92.95035553 -55.21486282 712.74768066
0.30699226 0.74670142 -0.59008068 0.76229817 0.17827949 0.62218839 0.56978774 -0.64082462 -0.51447731 -80.47170258 -56.00536728 713.64849854
0.37956938 0.65269655 -0.65568018 0.72372961 0.23200713 0.64991450 0.57631892 -0.72122264 -0.38431177 -67.25601196 -59.98882675 708.75549316
0.31359348 0.71010983 -0.63040102 0.76322985 0.20647319 0.61224973 0.56492513 -0.67313838 -0.47722715 -59.97145844 -63.21342850 718.90734863
0.29012513 0.71359819 -0.63765770 0.77090794 0.22053377 0.59755045 0.56703550 -0.66493976 -0.48613486 -57.64238358 -64.16473389 724.13830566
0.28254583 0.70012778 -0.65573704 0.76914138 0.24314713 0.59101754 0.57322806 -0.67134410 -0.46979585 -56.43328476 -63.44887924 727.46185303
0.27545440 0.68787384 -0.67153293 0.76727676 0.26352978 0.58466995 0.57914782 -0.67630166 -0.45519799 -56.21187973 -61.67654800 731.61492920
0.26765996 0.66946369 -0.69294918 0.77806741 0.27401605 0.56526715 0.56830460 -0.69046074 -0.44754356 -57.35542679 -57.36626816 730.32879639
0.27883905 0.66192603 -0.69577622 0.78088069 0.26544571 0.56547719 0.55899441 -0.70099574 -0.44286749 -59.23608780 -53.16779327 735.60681152
0.27688381 0.65888375 -0.69943511 0.78253978 0.26780522 0.56206101 0.55764472 -0.70296168 -0.44145048 -61.99586105 -49.23255920 741.09356689
0.27790412 0.63733268 -0.71873373 0.78138208 0.28523159 0.55505484 0.55875957 -0.71585786 -0.41873178 -63.39075089 -44.55046082 742.24291992
0.29098201 0.62714529 -0.72250938 0.77960914 0.28231102 0.55902690 0.55456281 -0.72594196 -0.40677914 -64.32569122 -39.99160004 744.73284912
0.29338223 0.62012833 -0.72757775 0.77773446 0.28775245 0.55886376 0.55592895 -0.72982323 -0.39787200 -66.63928986 -35.69953537 749.70587158
0.30145624 0.60851222 -0.73405629 0.78167558 0.28312883 0.55571800 0.54599297 -0.74131858 -0.39030647 -71.95816040 -34.27875137 760.23687744
0.29054552 0.63156217 -0.71882814 0.78993195 0.26563510 0.55267209 0.53999221 -0.72840196 -0.42171040 -77.69895935 -35.36889648 767.70001221
0.29595706 0.61675507 -0.72939980 0.78737509 0.27479780 0.55184025 0.54078704 -0.73763245 -0.40428755 -82.04691315 -37.75640869 765.58093262
0.29487482 0.62137622 -0.72590756 0.77013874 0.29514644 0.56548733 0.56562883 -0.72579765 -0.39151299 -85.60239410 -41.09642410 770.51556396
0.28140604 0.61227340 -0.73887324 0.77149320 0.31351846 0.55362934 0.57062227 -0.72583026 -0.38413706 -87.09348297 -42.30081558 767.57769775
0.28165495 0.59254456 -0.75469428 0.77511835 0.32309729 0.54295546 0.56556433 -0.73790342 -0.36828834 -89.96353912 -42.90010071 767.83526611
0.27906936 0.58130497 -0.76433432 0.77249670 0.33690584 0.53827894 0.57041228 -0.74066269 -0.35503426 -93.69822693 -42.43608856 767.68243408
0.28297222 0.56863505 -0.77238798 0.77852088 0.33418709 0.53124875 0.56020820 -0.75164855 -0.34812671 -96.99312592 -41.37321472 763.77905273
0.27865276 0.58066624 -0.76497173 0.77381498 0.33602113 0.53693700 0.56882721 -0.74156511 -0.35569310 -99.25803375 -39.51152420 766.39599609
0.28134423 0.58282310 -0.76234186 0.77809745 0.32638976 0.53668904 0.56161475 -0.74417019 -0.36166331 -99.44902039 -36.05424118 767.44866943
0.28481013 0.56779546 -0.77233022 0.77713555 0.33492568 0.53280973 0.56119955 -0.75195450 -0.34586179 -98.16225433 -30.62503242 767.62579346
0.28464222 0.56547999 -0.77408904 0.77598774 0.33821142 0.53240699 0.56287050 -0.75222862 -0.34253424 -96.22634888 -25.08955956 770.07104492
0.27857754 0.55615872 -0.78299719 0.78281951 0.34083080 0.52060443 0.55640745 -0.75797367 -0.34042209 -93.40682220 -21.14857483 767.21490479
0.27778587 0.53900814 -0.79517782 0.78794628 0.34566414 0.50956655 0.54952419 -0.76810724 -0.32868674 -91.23844910 -18.80300331 762.86328125
0.27612826 0.53546816 -0.79814124 0.79137909 0.34457630 0.50496274 0.54541129 -0.77106613 -0.32860902 -90.31280518 -18.51029396 761.35485840
0.27904546 0.52566433 -0.80362499 0.78873330 0.35189492 0.50405443 0.54775435 -0.77449924 -0.31641227 -88.42990875 -18.25544167 756.62890625
0.27927688 0.51225394 -0.81215930 0.79421347 0.35213208 0.49520597 0.53965813 -0.78332686 -0.30849460 -86.97434235 -17.77992058 752.92083740
0.27539289 0.51090485 -0.81433254 0.79556477 0.35440838 0.49139827 0.53966367 -0.78318125 -0.30885434 -85.71822357 -17.84053230 751.27740479
0.28102249 0.49480796 -0.82231015 0.79850239 0.35475886 0.48635471 0.53237361 -0.79329252 -0.29540810 -84.74149323 -18.45743179 746.20367432
0.27304167 0.49663606 -0.82389528 0.79500818 0.36574480 0.48393553 0.54167485 -0.78713721 -0.29496405 -86.36373901 -19.10589218 743.99298096
0.27649546 0.48842373 -0.82764435 0.79539722 0.36703008 0.48232046 0.53934664 -0.79166448 -0.28700665 -88.60343933 -19.05383873 742.60070801
0.27231690 0.47569609 -0.83639681 0.79016799 0.38546732 0.47649783 0.54907125 -0.79065132 -0.27090850 -92.51244354 -18.18968391 739.93457031
0.26024023 0.47415701 -0.84110230 0.78336418 0.40557387 0.47101089 0.56446165 -0.78146428 -0.26588887 -98.53710938 -16.55433083 737.34906006
0.24804164 0.48007223 -0.84143269 0.77513027 0.42263752 0.46962881 0.58107620 -0.76870632 -0.26728481 -104.38281250 -12.35557270 735.01062012
0.24046621 0.48414195 -0.84129995 0.77719432 0.42320877 0.46568647 0.58150327 -0.76583415 -0.27450299 -109.48371124 -6.13445187 733.92358398
0.25649872 0.46567234 -0.84697157 0.79008919 0.40374002 0.46125215 0.55674803 -0.78749233 -0.26436192 -112.16613007 0.33560500 727.20880127
0.25357214 0.46085745 -0.85047913 0.78610551 0.41416672 0.45880768 0.56368446 -0.78490579 -0.25725949 -114.98409271 6.97184134 724.50811768
0.25496078 0.45338756 -0.85407138 0.79678226 0.40191978 0.45121950 0.54784489 -0.79555076 -0.25877538 -117.78559875 11.80741501 720.57318115
0.25506309 0.44295877 -0.85949594 0.80479711 0.39544746 0.44263256 0.53595299 -0.80461764 -0.25562581 -120.44929504 15.96138191 716.03234863
0.26032677 0.42297274 -0.86794394 0.81443787 0.38661742 0.43268749 0.51857680 -0.81952536 -0.24383610 -124.11721039 18.99101257 709.70581055
0.26032051 0.41569355 -0.87145549 0.82398951 0.37480518 0.42492735 0.50326520 -0.82868606 -0.24495552 -129.87052917 20.84626389 705.93756104
0.26170325 0.40877154 -0.87431103 0.82224280 0.37993699 0.42375174 0.50540048 -0.82979167 -0.23667666 -135.28723145 21.46556854 702.36865234
0.24213038 0.42486009 -0.87227839 0.81221169 0.40302849 0.42175949 0.53074145 -0.81059396 -0.24748881 -141.41253662 23.11651611 703.08593750
0.25585860 0.40894574 -0.87595809 0.82708859 0.37648937 0.41735014 0.50046217 -0.83127606 -0.24190427 -145.12965393 26.31739044 693.14752197
0.27740756 0.39203912 -0.87712789 0.83434039 0.35436323 0.42226043 0.47636414 -0.84895968 -0.22878897 -145.57635498 31.11615753 687.53985596
0.30982265 0.35019699 -0.88395399 0.82120204 0.37001362 0.43441671 0.47920609 -0.86049551 -0.17294200 -144.33995056 36.65230942 688.65118408
0.31456238 0.35014722 -0.88229811 0.81984949 0.36825848 0.43844387 0.47843331 -0.86126846 -0.17122591 -143.80070496 43.42749786 692.00573730
0.39582887 0.20795313 -0.89447063 0.86431271 0.24475448 0.43938521 0.31029704 -0.94702220 -0.08285387 -137.75674438 42.37809372 685.84686279
0.32815024 0.33665767 -0.88259947 0.83490556 0.33369309 0.43770087 0.44187230 -0.88051766 -0.17157407 -143.81893921 47.43623352 690.51831055
0.43802819 0.24721204 -0.86430347 0.84527540 0.21401672 0.48959854 0.30600962 -0.94503093 -0.11521515 -138.47537231 37.58440781 679.48376465
0.31781062 0.33253968 -0.88792843 0.84706914 0.32116887 0.42346743 0.42599413 -0.88671780 -0.17961137 -143.48382568 40.83803177 689.76562500
0.31825936 0.30883670 -0.89628893 0.82609707 0.37345171 0.42201632 0.46505409 -0.87473106 -0.13627280 -144.13726807 35.84814072 704.86511230
0.42512941 0.21961650 -0.87808686 0.83904058 0.26828218 0.47332433 0.33952418 -0.93797332 -0.07021081 -136.06196594 25.18747902 709.02044678
0.29009533 0.30316976 -0.90770906 0.81299567 0.42230278 0.40087244 0.50485981 -0.85425371 -0.12396585 -132.72210693 26.15845108 709.32922363
0.28980586 0.18074484 -0.93986529 0.90127015 0.27891243 0.33154237 0.32206437 -0.94315422 -0.08206777 -120.54312134 17.26357651 707.57843018
0.26259816 0.29544029 -0.91856414 0.83329213 0.41052717 0.37025943 0.48648459 -0.86266077 -0.13838261 -113.22214508 18.32035828 709.45587158
0.25376281 0.21332827 -0.94345021 0.93110603 0.21032725 0.29800054 0.26200512 -0.95407254 -0.14525619 -98.25992584 12.79479694 699.42773438
0.30984455 0.13653529 -0.94093430 0.85219193 0.39896965 0.33851504 0.42162302 -0.90674239 0.00726595 -90.00473785 13.09646320 705.59222412
0.39704987 0.04219910 -0.91682798 0.86774355 0.30812463 0.38997507 0.29895344 -0.95040989 0.08572441 -82.53555298 6.70459366 710.06597900
0.29811108 0.10929111 -0.94825524 0.83880085 0.44413695 0.31488985 0.45556939 -0.88926852 0.04073030 -86.44645691 13.31709862 721.59326172
0.41576681 0.01291375 -0.90938109 0.85390937 0.33859357 0.39521322 0.31301376 -0.94084442 0.12975034 -80.39521027 7.65370083 709.57318115
0.29721147 0.08138046 -0.95133877 0.83198774 0.46678081 0.29985419 0.46846834 -0.88062131 0.07102668 -87.31144714 14.11329937 740.13519287
0.42372480 -0.04220768 -0.90480864 0.85923123 0.33487245 0.38675937 0.28667068 -0.94131809 0.17816140 -81.75181580 4.03755236 731.92810059
0.30598393 0.03995702 -0.95119947 0.84178108 0.45536268 0.28991413 0.44472417 -0.88940942 0.10570013 -87.75466156 6.32216549 754.83898926
0.43857792 -0.01243395 -0.89860898 0.82187462 0.41004878 0.39545268 0.36355555 -0.91197932 0.19005889 -83.15859222 -6.95391417 749.42584229
0.30149993 0.00158853 -0.95346671 0.84158909 0.46956399 0.26690474 0.44813669 -0.88289762 0.14023812 -87.38191223 -1.70274329 767.63323975
0.38193020 -0.03771742 -0.92342317 0.79868329 0.51620591 0.30925268 0.46501115 -0.85563415 0.22728018 -84.05239105 -15.47120953 769.37774658
0.31086653 -0.01460310 -0.95034337 0.83788615 0.47621980 0.26676279 0.44867581 -0.87920558 0.16027795 -88.75321198 -11.96852493 785.92004395
0.30758351 -0.01727475 -0.95136613 0.82390064 0.50501025 0.25720286 0.47600552 -0.86294109 0.16956694 -89.30467987 -18.50961494 791.87438965
0.29579431 -0.03782918 -0.95450419 0.83668053 0.49242160 0.23976554 0.46094733 -0.86953485 0.17730787 -88.86170959 -24.69271660 792.52398682
0.29306254 -0.04008191 -0.95525467 0.82889527 0.50859088 0.23295644 0.47649521 -0.86007529 0.18227409 -87.81603241 -31.63767433 791.81103516
0.29529634 -0.04304472 -0.95443755 0.83406401 0.49884996 0.23555562 0.46598047 -0.86561918 0.18321213 -85.54311371 -37.96536255 789.76531982
0.29245207 -0.05244825 -0.95484269 0.80841506 0.54693013 0.21756156 0.51082027 -0.83553439 0.20235229 -84.22356415 -42.46661377 794.42309570
0.30613795 -0.06373752 -0.94985300 0.80005842 0.55796307 0.22041838 0.51593274 -0.82741517 0.22180887 -82.30846405 -45.15463638 796.32354736
0.29348189 -0.07065476 -0.95335186 0.80551440 0.55531472 0.20681579 0.51479650 -0.82863408 0.21988967 -79.82665253 -47.67696381 795.90148926
0.29685202 -0.07886579 -0.95166296 0.80167657 0.56205666 0.20348822 0.51883906 -0.82333052 0.23007397 -77.21048737 -50.01100922 796.02764893
0.29304391 -0.08993384 -0.95186162 0.80926377 0.55348283 0.19684887 0.50913441 -0.82799113 0.23497641 -73.96998596 -52.77782059 792.85284424
0.28742856 -0.08880632 -0.95367801 0.80539072 0.56130999 0.19046709 0.51839304 -0.82282746 0.23286173 -70.45692444 -55.53592300 791.80487061
0.29668719 -0.11768707 -0.94769716 0.80401999 0.56626081 0.18138775 0.51529545 -0.81578118 0.26262635 -69.00099945 -58.49129486 793.16577148
0.29784948 -0.12849559 -0.94592702 0.79340392 0.58434540 0.17044544 0.53084534 -0.80126768 0.27599704 -69.21478271 -61.51799774 791.14624023
0.28396636 -0.12194300 -0.95105016 0.78956372 0.59250379 0.15977880 0.54401577 -0.79628485 0.26453415 -70.56575012 -61.47613144 785.25347900
0.28187370 -0.13103499 -0.95046329 0.79462039 0.58706117 0.15472129 0.53770494 -0.79886770 0.26960143 -72.18450165 -59.67391205 780.66479492
0.27594724 -0.14282270 -0.95050430 0.79387724 0.59135795 0.14161834 0.54186064 -0.79366118 0.27656853 -74.36011505 -59.02219772 777.82739258
0.26637155 -0.14149249 -0.95343059 0.79632914 0.58961129 0.13497974 0.54305333 -0.79519755 0.26973161 -76.47412109 -57.50708008 773.92016602
0.26280960 -0.15086158 -0.95298237 0.80009371 0.58608985 0.12786579 0.53924203 -0.79607791 0.27473480 -78.97827148 -56.86900330 771.70220947
0.25387272 -0.15370446 -0.95494890 0.80478632 0.58122593 0.12040047 0.53653359 -0.79909438 0.27125803 -82.60299683 -57.28051376 766.61462402
0.25775436 -0.16952230 -0.95122498 0.81164503 0.57211512 0.11797289 0.52420980 -0.80246300 0.28505844 -88.28861237 -56.39027405 758.93353271
0.24543503 -0.15495184 -0.95695108 0.80722797 0.57927680 0.11323670 0.53679210 -0.80026799 0.26725757 -94.58127594 -54.60523987 753.58905029
0.24357642 -0.15892978 -0.95677358 0.80488777 0.58352089 0.10798049 0.54113483 -0.79639500 0.27005392 -100.67985535 -51.11128235 752.60308838
0.25222394 -0.14739399 -0.95637959 0.80108166 0.58621383 0.12092225 0.54281855 -0.79663569 0.26593313 -104.17462158 -48.19205093 751.26623535
0.25028440 -0.14303523 -0.95755035 0.79750526 0.59123027 0.12013607 0.54894787 -0.79371756 0.26204845 -105.43040466 -46.03370285 750.80584717
0.25466353 -0.14364314 -0.95630389 0.79744041 0.59059334 0.12364707 0.54702461 -0.79408169 0.26495078 -104.92590332 -44.17876053 749.01043701
0.25307181 -0.14044259 -0.95720130 0.80247390 0.58310032 0.12660994 0.54036188 -0.80016845 0.26026908 -103.06234741 -42.76249695 747.20642090
0.25845975 -0.13920537 -0.95594162 0.80264342 0.58159757 0.13231906 0.53755260 -0.80147719 0.26205313 -99.66578674 -40.83210754 745.58843994
0.25523010 -0.15578534 -0.95424980 0.80101448 0.58681095 0.11844519 0.54151082 -0.79459643 0.27455941 -96.35322571 -38.98025513 748.35748291
0.25689718 -0.16134416 -0.95287782 0.79816520 0.59134984 0.11505718 0.54491895 -0.79010928 0.28069672 -93.04816437 -37.71949005 747.30584717
0.25041628 -0.16905595 -0.95326602 0.80399746 0.58483773 0.10748690 0.53933322 -0.79333735 0.28237474 -89.63035583 -37.28824615 745.24102783
0.23926041 -0.17098451 -0.95578396 0.80977863 0.57827902 0.09925995 0.53573650 -0.79771984 0.27682015 -85.57283783 -38.56316757 743.54638672
0.23371246 -0.17311072 -0.95677346 0.81351250 0.57375145 0.09490785 0.53251904 -0.80052543 0.27492183 -80.59728241 -40.24901581 740.24566650
0.24165167 -0.17424980 -0.95459187 0.80353153 0.58744138 0.09618039 0.54400569 -0.79028380 0.28197262 -75.04618835 -40.80860519 740.71191406
0.23768838 -0.18116994 -0.95429862 0.80592740 0.58519018 0.08963713 0.54220480 -0.79039794 0.28510389 -69.47415161 -40.87559128 739.36578369
0.23993739 -0.19247255 -0.95151907 0.80694824 0.58443660 0.08526251 0.53969014 -0.78828114 0.29554468 -64.42579651 -41.49842834 737.73889160
0.23935458 -0.19759625 -0.95061517 0.80755419 0.58407682 0.08192614 0.53904217 -0.78727937 0.29937229 -59.24863815 -42.38289642 734.90393066
0.23225240 -0.19878046 -0.95212871 0.81809521 0.56939620 0.08068191 0.52609885 -0.79766721 0.29486617 -53.42369461 -44.37561798 731.42663574
0.23505042 -0.19339372 -0.95255136 0.82953149 0.55068183 0.09289065 0.50658655 -0.81200194 0.28986531 -47.16530228 -48.72821045 729.74591064
0.25244054 -0.21504340 -0.94341612 0.80703062 0.58469552 0.08266998 0.53383160 -0.78223145 0.32114854 -40.01782227 -53.02210617 729.07238770
0.24915065 -0.21553943 -0.94417715 0.80418277 0.58928466 0.07768509 0.53964293 -0.77864295 0.32015491 -31.69550514 -55.48569489 727.22015381
0.24324702 -0.22155425 -0.94432443 0.81412643 0.57587713 0.07459912 0.52728498 -0.78694201 0.32045469 -22.52373505 -59.27076721 725.76647949
0.25756875 -0.23884122 -0.93627840 0.79614997 0.60153717 0.06556967 0.54754323 -0.76230341 0.34509173 -12.82619476 -63.64755630 726.35406494
0.27728972 -0.24272712 -0.92962259 0.78014064 0.62163228 0.07039198 0.56079483 -0.74475211 0.36173460 -4.28638887 -64.86338806 725.43041992
0.28730413 -0.26313570 -0.92098874 0.77896971 0.62370509 0.06480227 0.55737108 -0.73603684 0.38416883 2.70920324 -62.81341171 722.56658936
0.28901771 -0.27756184 -0.91620541 0.78877342 0.61138570 0.06360156 0.54249924 -0.74105704 0.39563572 5.58740759 -62.81655884 719.35113525
0.28968897 -0.27722028 -0.91609675 0.78325444 0.61875719 0.06043917 0.55008441 -0.73504221 0.39638224 5.39154863 -63.79329681 717.00402832
0.29131556 -0.26188472 -0.92008460 0.78823572 0.61069447 0.07574707 0.54205161 -0.74730659 0.38433281 5.74105406 -61.23792648 711.24139404
0.29008731 -0.26516810 -0.91953218 0.78915203 0.60983336 0.07309646 0.54137659 -0.74685180 0.38616401 7.05606699 -55.18672562 711.09729004
0.30156466 -0.25113103 -0.91978043 0.80298668 0.58703113 0.10299263 0.51407331 -0.76962703 0.37868392 8.88859940 -48.64311218 706.75592041
0.29101104 -0.24972887 -0.92355406 0.80538464 0.58499396 0.09559358 0.51639938 -0.77163148 0.37136883 11.82334518 -41.21978378 703.58111572
0.27877262 -0.24594946 -0.92833114 0.80443299 0.58781028 0.08583392 0.52456975 -0.77070487 0.36171660 13.21279907 -34.68782806 701.53771973
0.27046284 -0.24143593 -0.93196696 0.81739169 0.56904143 0.08979615 0.50864601 -0.78606504 0.35125369 12.68604851 -26.64544106 697.64953613
0.25503409 -0.23728193 -0.93736786 0.81587404 0.57309270 0.07690801 0.51894820 -0.78438485 0.33975175 11.48713684 -22.12301254 693.34930420
0.24328245 -0.22719516 -0.94297379 0.82221621 0.56404817 0.07622875 0.51456231 -0.79386997 0.32402804 11.02049446 -18.46494293 689.17706299
0.24054202 -0.21050772 -0.94753879 0.82940972 0.55166811 0.08799370 0.50420195 -0.80706024 0.30729803 10.56286335 -15.50762081 684.79803467
0.25375339 -0.18815728 -0.94879389 0.82528830 0.55371314 0.11091394 0.50448883 -0.81116927 0.29579222 12.36939621 -8.10946465 682.20989990
0.24219728 -0.17799853 -0.95376134 0.82868266 0.54921383 0.10793618 0.50460488 -0.81650335 0.28052410 16.15764236 0.08226596 680.68981934
0.25272539 -0.21149175 -0.94414234 0.87448275 0.46749046 0.12935928 0.41401780 -0.85832423 0.30309424 22.82448959 2.07007384 640.74060059
0.24850938 -0.15238947 -0.95656902 0.83224595 0.53886241 0.13036577 0.49559104 -0.82849354 0.26073968 23.12890244 5.62280083 676.77246094
0.23515052 -0.15754853 -0.95910716 0.87899959 0.45560151 0.14067015 0.41480711 -0.87612897 0.24562187 29.99244499 6.62889957 633.23498535
0.24931228 -0.20727798 -0.94598258 0.87836635 0.45975804 0.13075261 0.40781981 -0.86351287 0.29669091 34.45316315 10.66601658 627.24584961
0.22328232 -0.14093272 -0.96451378 0.84018362 0.52950293 0.11713023 0.49420378 -0.83651739 0.23663989 33.46181107 15.10898876 666.04254150
0.30831864 -0.18227188 -0.93365979 0.84228963 0.50848025 0.17887865 0.44214126 -0.84155893 0.31030127 36.88891983 4.22616673 637.22906494
0.21776077 -0.22795643 -0.94901013 0.87782818 0.47075883 0.08834880 0.42661378 -0.85230190 0.30262095 38.11947250 9.84473228 622.12072754
0.20508057 -0.11866041 -0.97152752 0.85249168 0.50930864 0.11774712 0.48083380 -0.85236222 0.20560841 38.64167404 9.69062233 656.23138428
0.28921428 -0.16147780 -0.94354868 0.86636388 0.46338439 0.18625261 0.40714857 -0.87131894 0.27391773 46.07312012 9.13836384 626.70074463
0.21000107 -0.17272979 -0.96232444 0.88745874 0.44669873 0.11348461 0.41026556 -0.87785047 0.24709970 49.82549667 13.82834530 614.97528076
0.18876582 -0.16024695 -0.96886158 0.88776249 0.44961914 0.09859925 0.41981724 -0.87872642 0.22713600 53.11889267 17.51198959 603.19403076
0.25434512 -0.17473370 -0.95119977 0.93577492 0.29281685 0.19643053 0.24420363 -0.94006515 0.23799002 59.05933762 12.78336525 621.35064697
0.17149782 -0.05868279 -0.98343736 0.89069879 0.43581358 0.12931988 0.42100525 -0.89811993 0.12701231 58.65457916 18.86419296 615.11444092
0.22121942 -0.15603702 -0.96266210 0.88309282 0.45087379 0.12985250 0.41377595 -0.87884104 0.23753920 66.27629089 7.03083897 611.88964844
0.16912563 -0.14085923 -0.97547889 0.90538096 0.41330537 0.09729074 0.38946527 -0.89962977 0.19743395 70.02056885 14.45906162 590.93475342
0.21025138 -0.13564841 -0.96819288 0.90920031 0.39116666 0.14263612 0.35937536 -0.91026604 0.20557702 77.07452393 10.02796268 599.24304199
0.17195374 -0.18474440 -0.96762860 0.94384944 0.31218442 0.10812403 0.28210273 -0.93188310 0.22805415 80.60782623 2.94245243 600.62615967
0.17440768 -0.18696657 -0.96676219 0.93334532 0.34424439 0.10180394 0.31376776 -0.92007321 0.23454516 80.90779877 14.59011650 594.46618652
0.14907025 -0.17629479 -0.97298604 0.93182355 0.35430771 0.07856676 0.33088472 -0.91835815 0.21709436 79.83260345 20.10263824 589.99340820
0.13571155 -0.21356209 -0.96745908 0.94053048 0.33471629 0.05804680 0.31142700 -0.91779709 0.24628833 74.14231873 19.27627373 589.52392578
0.09325094 -0.31025505 -0.94607061 0.96501517 0.26203695 0.00918544 0.24505529 -0.91382360 0.32383734 65.29036713 14.93824768 591.48535156
0.15388983 -0.18012406 -0.97153324 0.95411354 0.28270882 0.09871563 0.25687942 -0.94213927 0.21536687 60.17910767 11.68272018 595.25262451
0.10717892 -0.16099799 -0.98111975 0.98829979 0.12496572 0.08745671 0.10852633 -0.97900885 0.17251025 61.95765686 7.22887039 588.72314453
0.13444601 -0.13925639 -0.98108900 0.98159218 0.15425614 0.11261961 0.13565618 -0.97816557 0.15743448 51.95833206 10.82430458 589.40887451
0.13744949 -0.05480073 -0.98899359 0.97764271 0.16791803 0.12656742 0.15913391 -0.98427427 0.07665857 50.32299042 13.86393261 595.26403809
0.13282265 -0.07385390 -0.98838627 0.94971454 0.29477459 0.10559964 0.28355175 -0.95270610 0.10929548 46.43898392 19.42230034 593.14569092
0.20279908 -0.10416836 -0.97366589 0.93824846 0.30528623 0.16276082 0.28029162 -0.94654351 0.15964997 50.92920685 9.19985104 597.22680664
0.14497270 -0.10761717 -0.98356760 0.94761848 0.30104443 0.10673509 0.28461054 -0.94751585 0.14562567 48.92960358 14.90402508 594.49157715
0.18057539 -0.08362927 -0.98000121 0.93976003 0.30870181 0.14681707 0.29024929 -0.94747299 0.13433784 46.26818466 17.62656784 605.86145020
0.20129721 -0.12275439 -0.97180986 0.91770542 0.37052119 0.14328764 0.34248605 -0.92067415 0.18723948 45.27377701 20.49393082 616.04473877
0.22556449 -0.11996049 -0.96681631 0.96628702 0.15400280 0.20633256 0.12414068 -0.98075891 0.15065627 47.12517548 12.96198940 609.66778564
0.18974979 0.02723783 -0.98145640 0.93742597 0.29220027 0.18934636 0.29193863 -0.95596719 0.02991444 46.01843262 16.96274757 609.03936768
0.25855184 0.03863512 -0.96522635 0.94857001 0.17878941 0.26124650 0.18266523 -0.98312664 0.00958127 51.62017822 11.50699139 611.68560791
0.25313917 -0.00501383 -0.96741867 0.89841527 0.37214208 0.23315458 0.35884726 -0.92816007 0.09871094 53.85722351 15.06892395 637.45300293
0.21620786 0.09917811 -0.97129864 0.93064481 0.27987418 0.23573589 0.29522076 -0.95489818 -0.03178535 56.81995392 4.41253185 621.56475830
0.25725570 -0.00242121 -0.96634209 0.89465874 0.37856486 0.23722379 0.36524770 -0.92556942 0.09955686 58.18644333 12.34760094 638.78399658
0.21256508 0.14037691 -0.96701282 0.88115060 0.40022045 0.25178930 0.42236251 -0.90560192 -0.03861698 63.79726791 12.89150810 634.33496094
0.20730232 0.11755098 -0.97119057 0.84994864 0.46989584 0.23829819 0.48436904 -0.87485820 -0.00249863 64.66719055 15.26307201 669.26953125
0.21665163 0.21814248 -0.95156687 0.90840429 0.31197339 0.27834290 0.35758090 -0.92470777 -0.13056840 73.16120148 11.18633175 685.93792725
0.18978786 0.13647068 -0.97229630 0.82948655 0.50753725 0.23314947 0.52529293 -0.85075217 -0.01687295 69.51679993 17.56431198 683.69335938
0.17985989 0.28045169 -0.94286853 0.85218841 0.43434355 0.29175526 0.49135053 -0.85597378 -0.16087289 78.54994202 15.37063122 710.27380371
0.20709760 0.11371525 -0.97169095 0.81939483 0.52249199 0.23578484 0.53451115 -0.84502578 0.01503225 73.08462524 20.61249161 695.44104004
0.19204867 0.27086920 -0.94326621 0.85626233 0.42338005 0.29591292 0.47951198 -0.86451030 -0.15062186 81.38941193 17.93767929 719.75457764
0.17713828 0.25268608 -0.95119697 0.82553780 0.48803756 0.28338471 0.53582519 -0.83544469 -0.12214822 71.47917938 23.86736488 704.22882080
0.16660011 0.14613608 -0.97513717 0.83171767 0.51036084 0.21858096 0.52961254 -0.84745139 -0.03651448 74.77319336 22.52261543 710.05169678
0.10675185 0.37836620 -0.91948181 0.86937946 0.41322106 0.27097529 0.48247573 -0.82830364 -0.28482768 84.35914612 21.66454506 746.97332764
0.18448409 0.29971272 -0.93602455 0.81264144 0.48914135 0.31678814 0.55279177 -0.81909227 -0.15331656 77.91359711 26.74888229 720.16528320
0.18653783 0.30300617 -0.93455607 0.86313558 0.40380970 0.30320755 0.46925485 -0.86320567 -0.18620586 82.29722595 19.93292236 725.90191650
0.17176199 0.35765925 -0.91792256 0.84252900 0.42954203 0.32502121 0.51053125 -0.82920033 -0.22755545 85.44368744 10.21465015 725.86663818
0.19890025 0.32749885 -0.92368138 0.85159099 0.40868708 0.32828021 0.48500612 -0.85189128 -0.19760330 86.14780426 4.65952349 716.68225098
0.21104674 0.37838900 -0.90126854 0.83709323 0.40612125 0.36652526 0.50471145 -0.83179748 -0.23103239 88.70084381 1.13784111 722.52105713
0.20542544 0.37615725 -0.90349883 0.84643739 0.39512780 0.35695678 0.49126744 -0.83808064 -0.23722039 91.56783295 -4.18422747 726.09863281
0.19977877 0.41151479 -0.88924021 0.84040892 0.39464682 0.37143952 0.50378668 -0.82152861 -0.26699471 92.10919189 -7.83974457 719.54199219
0.19021760 0.43023518 -0.88245070 0.84783071 0.38119870 0.36860713 0.49497485 -0.81828195 -0.29225186 93.98128510 -11.76553154 721.15600586
0.18647906 0.44810343 -0.87431866 0.84336901 0.38346419 0.37641019 0.50393862 -0.80756348 -0.30640438 94.11085510 -14.04331970 716.13769531
0.17611244 0.45597199 -0.87239796 0.83902711 0.39395228 0.37528113 0.51479888 -0.79805470 -0.31318876 94.23823547 -11.92224598 716.03582764
0.17898208 0.46488270 -0.86709505 0.84246129 0.38278598 0.37912366 0.50815779 -0.79834789 -0.32312965 94.70095062 -4.74197626 714.42651367
0.17042457 0.48194218 -0.85947162 0.85235858 0.36553931 0.37398773 0.49440902 -0.79631239 -0.34848630 96.16660309 1.70245254 716.67974854
0.16661766 0.50393826 -0.84751934 0.85315365 0.35724124 0.38014254 0.49433517 -0.78640038 -0.37040967 97.51409149 4.49571753 717.45080566
0.17062941 0.51403004 -0.84063256 0.84862244 0.35688457 0.39047924 0.50072473 -0.78000468 -0.37531796 96.60335541 6.34015274 716.56262207
0.17379402 0.53120059 -0.82923216 0.85085315 0.34296429 0.39802632 0.49582669 -0.77472728 -0.39236405 93.94551849 9.53536510 714.87640381
0.16831559 0.55461019 -0.81491208 0.84738290 0.34094480 0.40706182 0.50359851 -0.75905544 -0.41257656 90.95675659 12.13550186 714.67163086
0.15313977 0.59220314 -0.79110569 0.84522647 0.33627573 0.41534492 0.51199591 -0.73226726 -0.44904399 87.03725433 12.13808155 714.70861816
0.16838217 0.61582559 -0.76968217 0.84724015 0.30867696 0.43232346 0.50381672 -0.72489923 -0.46977171 82.47543335 12.13481998 706.50787354
0.18017560 0.63863158 -0.74812496 0.84871060 0.28352922 0.44643331 0.49721935 -0.71537602 -0.49092335 79.41905975 11.26846313 701.47265625
0.18612602 0.64988804 -0.73689020 0.84304446 0.27955279 0.45948601 0.50461179 -0.70675164 -0.49584746 76.55876923 9.59858894 699.35363770
0.18097454 0.68659461 -0.70415944 0.84501851 0.25776410 0.46851110 0.50318187 -0.67981476 -0.53353119 73.94108582 9.95661640 698.77404785
0.19107841 0.70591807 -0.68203604 0.83710188 0.24566208 0.48878598 0.51259077 -0.66432863 -0.54397941 72.46971130 11.76682186 695.33203125
0.20621930 0.71392602 -0.66916931 0.83943385 0.22233906 0.49590036 0.50281608 -0.66398627 -0.55343789 73.22043610 13.39053822 693.83959961
0.21086144 0.72739643 -0.65302080 0.83224064 0.21682888 0.51025671 0.51274997 -0.65106273 -0.55964279 75.12928772 12.61556911 698.45025635
0.21821588 0.73356473 -0.64363712 0.83781952 0.19738719 0.50901663 0.50043976 -0.65032619 -0.57151657 75.44750977 10.27370834 696.87872314
0.21716607 0.74865323 -0.62638754 0.84206504 0.18089050 0.50813979 0.49372551 -0.63780880 -0.59112626 74.72470093 7.49295235 694.22662354
0.19900551 0.77261758 -0.60287905 0.83771414 0.18512841 0.51377380 0.50855803 -0.60728329 -0.61038578 73.29273224 6.59572029 691.74932861
0.20108859 0.77612013 -0.59766638 0.83493382 0.18328759 0.51893348 0.51229697 -0.60336268 -0.61114663 71.66864777 5.53624725 693.14404297
0.19595367 0.79234600 -0.57774925 0.84018415 0.16815242 0.51557362 0.50566018 -0.58644354 -0.63276118 69.08544922 3.74626517 691.56494141
0.18760252 0.80210721 -0.56695116 0.83979166 0.16839933 0.51613194 0.50946504 -0.57294798 -0.64200568 66.27021790 2.55973148 687.29406738
0.18723720 0.81355011 -0.55052960 0.83869469 0.15937440 0.52076060 0.51140285 -0.55923146 -0.65247428 63.14240265 2.53081179 686.71368408
0.17511466 0.82161957 -0.54247612 0.83815879 0.16467392 0.51997393 0.51655018 -0.54573578 -0.65980595 58.92842484 5.77899122 680.16918945
0.16476792 0.83588690 -0.52359229 0.85210139 0.14672777 0.50238889 0.49676374 -0.52893114 -0.68807924 55.93622971 11.62567806 677.70477295
0.16449338 0.84845859 -0.50305504 0.84539348 0.14148505 0.51506501 0.50818390 -0.51000422 -0.69400293 53.22941208 17.02987671 672.65832520
0.16846626 0.84901154 -0.50080222 0.84395003 0.13826320 0.51829714 0.50928056 -0.50996751 -0.69322550 51.65341187 22.64305305 667.10809326
0.16749501 0.86400551 -0.47480971 0.85091341 0.11652962 0.51221818 0.49788657 -0.48981604 -0.71567070 50.82127380 28.07129288 658.43310547
0.16468155 0.87644112 -0.45247683 0.83590972 0.11949816 0.53570080 0.52357805 -0.46645004 -0.71294159 50.31705475 36.90196609 650.40527344
0.17294592 0.87894362 -0.44446862 0.86184669 0.08339489 0.50026584 0.47676957 -0.46958295 -0.74308670 49.70368195 45.05129623 647.53796387
0.18091527 0.88079900 -0.43756968 0.86234593 0.07186176 0.50119442 0.47289374 -0.46801031 -0.74654740 48.42045212 48.63442612 644.02593994
0.19168803 0.88436157 -0.42563438 0.85514158 0.06233343 0.51463377 0.48165128 -0.46262693 -0.74430066 48.44520187 48.56818390 639.84301758
0.18858141 0.89722949 -0.39927498 0.86360925 0.04205933 0.50240487 0.46756348 -0.43956196 -0.76691896 50.51574326 48.03901291 636.67413330
0.18887037 0.90136015 -0.38972035 0.86973274 0.03072685 0.49256584 0.45595196 -0.43198392 -0.77813417 53.73125458 44.62871552 634.03125000
0.19795124 0.90885180 -0.36716199 0.85156691 0.02605106 0.52359861 0.48543620 -0.41631025 -0.76878643 58.48536301 37.49571228 634.32000732
0.20816566 0.91669750 -0.34108201 0.83925295 0.01168742 0.54361600 0.50231546 -0.39941669 -0.76690328 62.12577820 34.16889572 626.93267822
0.20958322 0.92381620 -0.32037890 0.83721560 -0.00028134 0.54687321 0.50511783 -0.38284224 -0.77348751 66.63079834 34.20894241 623.79693604
0.20828807 0.92713779 -0.31150520 0.83587027 -0.00335587 0.54891747 0.50787449 -0.37471145 -0.77566105 70.58647919 33.58202744 620.58709717
0.21015619 0.92801380 -0.30761766 0.83873600 -0.00946238 0.54445684 0.50235045 -0.37243140 -0.78034222 73.11597443 31.13980865 616.16247559
0.20353992 0.92772156 -0.31290254 0.84538412 -0.00532279 0.53413290 0.49385899 -0.37324065 -0.78535968 74.99429321 29.18523788 616.05236816
0.19513299 0.93726224 -0.28890547 0.83177912 -0.00206486 0.55510354 0.51967877 -0.34862515 -0.77999336 75.51234436 28.18736649 610.72845459
0.18282975 0.94207639 -0.28119218 0.84564453 -0.00480823 0.53372538 0.50145608 -0.33537027 -0.79753602 75.44342804 27.29153252 606.62402344
0.21526788 0.92153710 -0.32316044 0.83971786 -0.00574104 0.54299319 0.49853095 -0.38825306 -0.77506214 76.49301147 22.62005043 568.46978760
0.16984506 0.95824385 -0.23005468 0.84138936 -0.01947135 0.54007918 0.51304591 -0.28529629 -0.80955839 76.89508057 29.25756454 593.62042236
0.17520133 0.95749724 -0.22914498 0.88268644 -0.04967282 0.46733060 0.43608367 -0.28414112 -0.85386759 78.46743774 30.21073723 558.76086426
0.18834217 0.95115346 -0.24461834 0.86253834 -0.04109374 0.50432080 0.46963221 -0.30597860 -0.82814121 79.88021851 30.42091370 550.42785645
0.17531039 0.96423370 -0.19880524 0.89638871 -0.07282426 0.43724641 0.40712816 -0.25486198 -0.87709022 80.16075897 35.06738663 539.75738525
0.17839961 0.97059256 -0.16164128 0.90142411 -0.09535605 0.42230603 0.39447185 -0.22104818 -0.89192200 81.68738556 37.20018005 535.27917480
0.17492104 0.97299832 -0.15060167 0.88863832 -0.09015657 0.44966015 0.42393905 -0.21248710 -0.88040894 83.54503632 40.53589249 532.86389160
0.21116984 0.96675903 -0.14418064 0.88862193 -0.12843837 0.44029024 0.40713450 -0.22109972 -0.88620061 85.60740662 39.98027039 534.80590820
0.22788189 0.95964104 -0.16481140 0.91145217 -0.15069318 0.38281491 0.34252742 -0.23745587 -0.90900207 88.32682037 36.56929398 537.41235352
0.22152500 0.95857757 -0.17905119 0.94429469 -0.16504043 0.28472823 0.24338245 -0.23215310 -0.94173509 90.45677185 35.04964066 532.55364990
0.20406526 0.95524418 -0.21417154 0.97466868 -0.17779242 0.13569027 0.09153914 -0.23643751 -0.96732253 94.00798035 34.96135712 532.68536377
0.17350790 0.98365974 -0.04808502 0.93308139 -0.14857501 0.32754451 0.31504694 -0.10170105 -0.94360870 95.70851898 42.59593201 563.70123291
0.18130375 0.98277664 0.03581198 0.88878262 -0.17933369 0.42178875 0.42094478 -0.04464537 -0.90598422 100.02037048 40.06042480 545.14312744
0.19795050 0.97839564 0.05967662 0.84929365 -0.20159075 0.48791647 0.48940352 -0.04590290 -0.87084574 102.25145721 37.41317368 546.43597412
0.20226656 0.97759968 0.05823049 0.85170221 -0.20494577 0.48228762 0.48341614 -0.04795817 -0.87407315 104.29313660 36.08513260 546.47198486
0.20877847 0.97468460 0.08003066 0.85238481 -0.22147679 0.47369698 0.47942784 -0.03068343 -0.87704194 107.13204193 36.03443146 552.65765381
0.19620533 0.97737998 0.07896411 0.85652763 -0.21003255 0.47143129 0.47735032 -0.02486503 -0.87835848 108.47812653 35.03093719 553.72460938
0.19866095 0.97288543 0.11845405 0.83822304 -0.23129216 0.49384865 0.50785315 0.00117971 -0.86144006 109.41816711 33.07693481 558.40344238
0.17846736 0.96791166 0.17691797 0.83455127 -0.24415056 0.49387747 0.52122176 0.05950312 -0.85134161 107.86711121 30.93994141 563.13439941
0.17055896 0.97279894 0.15676469 0.81472588 -0.22870992 0.53283560 0.55419284 0.03683744 -0.83156985 103.42678833 32.93904495 579.65722656
0.16626294 0.96805793 0.18768026 0.84967309 -0.23723164 0.47093210 0.50041085 0.08116521 -0.86197233 101.23917389 32.57011795 554.35778809
0.16638064 0.96990007 0.17780618 0.86120665 -0.23075408 0.45285296 0.48024926 0.07777882 -0.87367398 96.47414398 35.91191483 549.14379883
0.16953020 0.96614909 0.19447099 0.82502204 -0.24706566 0.50822955 0.53907007 0.07427958 -0.83897626 90.11708069 42.64158249 567.50183105
0.14972323 0.96514452 0.21466833 0.86238593 -0.23367107 0.44909725 0.48360321 0.11788348 -0.86730981 88.95630646 45.49422073 544.91381836
0.14119801 0.96668738 0.21349922 0.86661404 -0.22494967 0.44539616 0.47858322 0.12212916 -0.86950421 86.58301544 50.74628830 544.98309326
0.15827109 0.95741332 0.24148183 0.83082080 -0.26128486 0.49139288 0.53355908 0.12285160 -0.83678967 81.72769165 58.43586349 562.42468262
0.15467493 0.95499593 0.25310448 0.88824761 -0.24658361 0.38757303 0.43254000 0.16486821 -0.88640970 86.56517792 59.52679825 557.48358154
0.17855331 0.94671535 0.26805270 0.83843935 -0.28896567 0.46208054 0.51491427 0.14223659 -0.84535599 80.85860443 67.12170410 552.65905762
0.22799414 0.95585942 0.18535116 0.92759305 -0.27109787 0.25705567 0.29595572 0.11332002 -0.94845319 89.46298218 67.54521942 563.01062012
0.18176594 0.92925924 0.32162389 0.82752585 -0.32123119 0.46044770 0.53118825 0.18245481 -0.82737184 84.37635803 72.43116760 553.94567871
0.17707382 0.92727882 0.32985219 0.83535701 -0.31881639 0.44781199 0.52040625 0.19624493 -0.83105963 82.16858673 71.82151794 551.45739746
0.16630897 0.92415214 0.34392995 0.83196205 -0.31873274 0.45414710 0.52932006 0.21060419 -0.82186431 77.91700745 72.40465546 550.49542236
0.15866663 0.92133874 0.35491344 0.83789563 -0.31579533 0.44520256 0.52225971 0.22673783 -0.82208854 73.47444916 72.12464905 551.75347900
0.14690143 0.91937453 0.36493060 0.84141499 -0.31010932 0.44255412 0.52003860 0.24204232 -0.81912780 69.68407440 69.53710938 552.26623535
0.13056535 0.91227865 0.38820645 0.83565766 -0.31196523 0.45205650 0.53350550 0.26538080 -0.80308139 67.12276459 66.75122833 555.24090576
0.13778982 0.89682657 0.42038062 0.82273132 -0.33995217 0.45557296 0.55147636 0.28308305 -0.78468657 65.97302246 61.57444763 554.87939453
0.14756523 0.88937116 0.43272048 0.81520891 -0.35711035 0.45596892 0.56005168 0.28546849 -0.77771789 64.56285858 53.19396591 553.96649170
0.14921018 0.88167894 0.44764042 0.81030130 -0.36848059 0.45566988 0.56669855 0.29472905 -0.76940429 63.31037521 43.87312317 552.73394775
0.15080798 0.88010520 0.45019484 0.81363297 -0.36916143 0.44913524 0.56147808 0.29855621 -0.77175260 63.26241302 36.09889221 552.69494629
0.15915965 0.86905414 0.46841946 0.81320131 -0.38443828 0.43693465 0.55979556 0.31137297 -0.76790071 63.74672318 30.50433159 554.03875732
0.16084941 0.86223871 0.48028675 0.81154263 -0.39249298 0.43283811 0.56171626 0.32014742 -0.76287359 65.06104279 25.63886070 557.62707520
0.15812051 0.85609615 0.49203718 0.81441253 -0.39483353 0.42525259 0.55832720 0.33347607 -0.75964475 66.56983185 21.54998779 562.10986328
0.15428448 0.85308969 0.49843508 0.81981152 -0.39210132 0.41733289 0.55145669 0.34423074 -0.75986612 67.70487976 18.51473427 567.63421631
0.15300809 0.84318453 0.51539463 0.82187515 -0.39816976 0.40740988 0.54873353 0.36124915 -0.75391412 69.05989838 16.31643677 574.26574707
0.14910394 0.82972372 0.53789383 0.82427877 -0.40477094 0.39588600 0.54619706 0.38434237 -0.74427509 68.01081848 14.11379433 581.23095703
0.14987288 0.82263941 0.54845756 0.82784039 -0.40770394 0.38530311 0.54057115 0.39628485 -0.74211645 64.28071594 13.54679298 589.10229492
0.14285266 0.79852307 0.58477110 0.82476604 -0.42265394 0.37566641 0.54713130 0.42863032 -0.71897084 59.53650284 10.83899498 604.90582275
0.14050986 0.79334438 0.59233856 0.83812571 -0.41380098 0.35540780 0.52706820 0.44651166 -0.72306430 54.63759232 4.43842983 613.82824707
0.14737526 0.77844852 0.61016524 0.83641285 -0.42735335 0.34319574 0.52791345 0.45976731 -0.71408474 49.46870804 1.10959435 620.19702148
0.15585868 0.76317781 0.62711304 0.83015943 -0.44525328 0.33553743 0.53529590 0.46830338 -0.70295513 46.73768616 1.84459078 630.03161621
0.14958590 0.74685806 0.64794290 0.83236969 -0.44881004 0.32516253 0.53365064 0.49068427 -0.68879718 46.98103333 2.50133491 643.98266602
0.14137119 0.74225438 0.65503854 0.84232634 -0.43782103 0.31432354 0.52009487 0.50731593 -0.68711531 45.77224350 0.24248759 654.83459473
0.14106603 0.71573293 0.68398076 0.83288026 -0.45927951 0.30882528 0.53517187 0.52610523 -0.66090834 42.86657333 -3.14108682 664.79510498
0.14553809 0.70674288 0.69234115 0.83760363 -0.46044815 0.29395244 0.52653307 0.53712201 -0.65898287 41.94412613 -6.08908319 671.90338135
0.13518590 0.69212091 0.70901102 0.83463544 -0.46517336 0.29495353 0.53395349 0.55188817 -0.64055347 40.30401611 -8.95547390 679.95550537
0.13265693 0.70078677 0.70093024 0.84652352 -0.44794872 0.28764534 0.51555592 0.55519164 -0.65265584 39.91522217 -12.48682404 687.02734375
0.14092059 0.69577652 0.70430100 0.84303278 -0.45732349 0.28310922 0.51907098 0.55384898 -0.65100855 42.12637329 -15.54305363 690.61859131
0.13369799 0.69523388 0.70624220 0.84518319 -0.45211127 0.28506324 0.51748246 0.55878747 -0.64804602 45.72115707 -17.30470467 697.21112061
0.12946412 0.68598491 0.71600795 0.84932345 -0.44937780 0.27696529 0.51174885 0.57226098 -0.64080095 51.42212296 -19.31529999 699.92266846
0.14061977 0.67372710 0.72548014 0.84329331 -0.46542519 0.26876780 0.51872963 0.57399416 -0.63359720 58.78028870 -21.01920891 704.06799316
0.13299303 0.65861481 0.74063689 0.84395874 -0.46706298 0.26379165 0.51965797 0.58998019 -0.61795968 64.24761200 -21.57534599 705.50708008
0.13335228 0.64712578 0.75063229 0.84320045 -0.47208661 0.25719193 0.52079582 0.59863210 -0.60861027 69.26678467 -20.43463707 710.68298340
0.14931825 0.64610624 0.74850142 0.84775555 -0.47327754 0.23941442 0.50893289 0.59879303 -0.61840886 73.43851471 -18.75990486 716.69451904
0.16124627 0.64486331 0.74709725 0.85227424 -0.47268277 0.22405323 0.49762067 0.60059983 -0.62581843 78.21256256 -16.35528183 721.39678955
0.14923026 0.62961924 0.76243901 0.85497326 -0.46952155 0.22038713 0.49673852 0.61897242 -0.60837424 84.01879120 -14.56624794 725.44714355
0.16349636 0.62949479 0.75961071 0.86217457 -0.46541187 0.20011796 0.47950202 0.62219441 -0.61882728 91.23936462 -13.62180614 731.83929443
0.14870231 0.60564506 0.78171927 0.86977249 -0.45623016 0.18801662 0.47051230 0.65195519 -0.59461588 97.81571960 -14.73233604 741.92358398
0.14935495 0.59670472 0.78844136 0.87254387 -0.45464322 0.17879437 0.46514407 0.66124153 -0.58855426 103.35697937 -21.17718887 751.44995117
0.15483664 0.59468961 0.78890628 0.86895424 -0.46190995 0.17764716 0.47004560 0.65801305 -0.58827853 106.46057129 -31.85208702 753.55377197
0.15821284 0.57850015 0.80019343 0.87034976 -0.46443629 0.16368014 0.46632484 0.67054778 -0.57697725 106.14897919 -42.68752289 753.21423340
0.15368451 0.53423768 0.83124858 0.86380488 -0.48113105 0.14951584 0.47981355 0.69505435 -0.53541988 102.07206726 -49.21954346 752.50695801
0.15721703 0.52541023 0.83619958 0.85433787 -0.49708456 0.15170641 0.49536702 0.69054228 -0.52702850 95.81076050 -52.36781693 753.14788818
0.15469211 0.50065005 0.85171747 0.84632492 -0.51192427 0.14720264 0.50970864 0.69805491 -0.50290406 92.20756531 -54.81753540 757.61004639
0.16156228 0.49251229 0.85517949 0.83990145 -0.52359694 0.14287239 0.51813269 0.69518012 -0.49825606 92.55470276 -56.88355255 759.81787109
0.15604568 0.47943985 0.86359125 0.83907408 -0.52564061 0.14020425 0.52115500 0.70273525 -0.48431030 94.22374725 -56.76774597 760.60968018
0.15340696 0.47232026 0.86797625 0.84183109 -0.52245295 0.13551340 0.51747930 0.70989698 -0.47776276 98.40734100 -57.64329910 761.30126953
0.15525535 0.46328029 0.87250793 0.84188110 -0.52414143 0.12850066 0.51684630 0.71459395 -0.47140372 101.39334106 -57.81817245 756.72833252
0.15172751 0.45029947 0.87989312 0.85150927 -0.51157892 0.11497567 0.50190526 0.73178869 -0.46105590 101.92266846 -55.43648148 754.74481201
0.15068310 0.42002380 0.89491755 0.84528798 -0.52415538 0.10368235 0.51262182 0.74083626 -0.43402374 103.95160675 -52.81214905 753.70428467
0.15578830 0.40094441 0.90276039 0.85362256 -0.51452351 0.08120745 0.49704802 0.75796199 -0.42241326 106.95706940 -51.69703674 749.31250000
0.16152406 0.38684502 0.90788960 0.83913070 -0.53802174 0.07995599 0.51939195 0.74891990 -0.41151834 111.17748260 -52.43581390 751.93255615
0.16670617 0.36839968 0.91460001 0.83750165 -0.54245383 0.06584642 0.52038312 0.75499868 -0.39896715 113.61914062 -53.91189575 750.24346924
0.16599849 0.34362167 0.92432195 0.83814597 -0.54302430 0.05135004 0.51957142 0.76618946 -0.37814793 114.34195709 -55.42789459 744.77349854
0.17341433 0.32435665 0.92990458 0.82877612 -0.55814016 0.04012764 0.53203028 0.76372093 -0.36561018 115.08481598 -55.68915939 745.25427246
0.17763954 0.29478359 0.93890834 0.83584666 -0.54878068 0.01415707 0.51942581 0.78226566 -0.34388083 115.07518768 -56.42455292 741.77557373
0.18546067 0.26481518 0.94629771 0.83312142 -0.55302489 -0.00851932 0.52106798 0.78995794 -0.32318941 119.06344604 -58.10126114 738.03240967
0.25445262 0.29029304 0.92248893 0.81732816 -0.57443786 -0.04467896 0.51694036 0.76534188 -0.38343346 126.23558044 -61.40283585 728.96661377
0.21863943 0.28051960 0.93461627 0.84802043 -0.52846980 -0.03976439 0.48275983 0.80126494 -0.35343236 126.81977081 -52.68493271 698.93109131
0.15187237 0.20436904 0.96704191 0.89584744 -0.44183549 -0.04731631 0.41760191 0.87350523 -0.25018817 127.86027527 -47.93164444 678.89715576
0.17867813 0.19142559 0.96510738 0.88374579 -0.46241131 -0.07189728 0.43251190 0.86575323 -0.25179639 131.51943970 -45.19263458 676.33422852
0.16771327 0.16566657 0.97181714 0.88086510 -0.46781853 -0.07226750 0.44266015 0.86815733 -0.22439146 134.03388977 -40.05693817 668.33374023
0.14980322 0.15223850 0.97692597 0.89826190 -0.43382800 -0.07013539 0.41313905 0.88803893 -0.20174113 137.23526001 -36.87749863 662.69097900
0.15718180 0.17639425 0.97168964 0.90251082 -0.42513409 -0.06881507 0.40095839 0.88777381 -0.22602321 139.63732910 -33.62341309 659.35412598
0.18600440 0.16609012 0.96841031 0.89108992 -0.44376284 -0.09504427 0.41395715 0.88061613 -0.23054525 141.27406311 -31.49672127 659.12316895
0.20498750 0.20402893 0.95726395 0.90858585 -0.40333423 -0.10859773 0.36393893 0.89201427 -0.26805830 142.53741455 -30.87190056 654.04669189
0.18460420 0.19854863 0.96254957 0.91652548 -0.38836721 -0.09566727 0.35482681 0.89985836 -0.25367117 141.11312866 -27.56334496 648.39147949
0.19664858 0.17065296 0.96550965 0.91685563 -0.38094321 -0.11940752 0.34742582 0.90871090 -0.23137820 139.28919983 -23.53692055 639.84454346
0.15692627 0.16221552 0.97419834 0.91245115 -0.40125585 -0.08016591 0.37789735 0.90148520 -0.21098353 137.87626648 -19.21511650 640.50042725
0.14723450 0.09616472 0.98441684 0.89114600 -0.44473314 -0.08983969 0.42916194 0.89048362 -0.15117928 138.85711670 -14.59794807 652.56683350
0.15281162 0.08307934 0.98475826 0.87658191 -0.47153050 -0.09624434 0.45634598 0.87792552 -0.14488363 137.57722473 -13.11474037 653.29235840
0.15657575 0.08604575 0.98391175 0.88401407 -0.45647174 -0.10075868 0.44045642 0.88556540 -0.14754049 135.52796936 -12.85041237 654.58929443
0.16650267 0.07484970 0.98319709 0.88259584 -0.45591110 -0.11475793 0.43965933 0.88687027 -0.14197490 134.40087891 -12.03313446 659.81506348
0.17249762 0.00244599 0.98500800 0.87502623 -0.45956036 -0.15209597 0.45229700 0.88814121 -0.08141601 130.97430420 -11.66228199 663.65374756
0.17405008 -0.01959169 0.98454309 0.87197000 -0.46150914 -0.16333272 0.45757395 0.88691735 -0.06324504 129.13450623 -12.98371601 665.05725098
0.15022458 -0.02598609 0.98831147 0.84903812 -0.50877053 -0.14243203 0.50652325 0.86050826 -0.05436937 127.27337646 -16.80649376 674.03118896
0.15545492 -0.08080691 0.98453373 0.83327705 -0.52455270 -0.17462522 0.53054863 0.84753311 -0.01421257 121.98655701 -25.80294800 679.75122070
0.12337459 -0.20640591 0.97065848 0.77901483 -0.58578819 -0.22358087 0.61474645 0.78373939 0.08851877 119.00433350 -30.19727516 680.18518066
0.13218202 -0.20166743 0.97049516 0.79157394 -0.56782287 -0.22580543 0.59660453 0.79806393 0.08457560 110.92829132 -32.37969208 675.13214111
0.16099042 -0.23194692 0.95931512 0.79597849 -0.54416394 -0.26514950 0.58352274 0.80627865 0.09701648 104.25682831 -31.49663162 669.27709961
0.15306053 -0.21930891 0.96357614 0.76424950 -0.59188706 -0.25611103 0.62649274 0.77561110 0.07700914 97.09468079 -27.75662613 684.70666504
0.25952911 -0.24443004 0.93429196 0.82560402 -0.44575071 -0.34595510 0.50102025 0.86113840 0.08611417 96.84749603 -29.44004250 678.92010498
0.22817943 -0.14054531 0.96342313 0.83900017 -0.47366381 -0.26780936 0.49397501 0.86941844 0.00983441 88.51693726 -22.82086945 666.81781006
0.21800864 -0.14609736 0.96495122 0.84442604 -0.46747568 -0.26155630 0.48930091 0.87184888 0.02145181 86.62300873 -21.42590141 667.54754639
0.21848482 -0.16565390 0.96167880 0.83816999 -0.47281942 -0.27187005 0.49973369 0.86544740 0.03553936 85.66679382 -20.54158211 665.02264404
0.20306002 -0.17896867 0.96267325 0.84218699 -0.46960014 -0.26494762 0.49948570 0.86454892 0.05536510 85.94416046 -19.61485100 665.67187500
0.20583804 -0.18764913 0.96042764 0.84739298 -0.45669508 -0.27084175 0.48944277 0.86960691 0.06500431 84.00454712 -17.93807220 661.40246582
0.19258079 -0.20408988 0.95982432 0.83421183 -0.48101553 -0.26965708 0.51672167 0.85262555 0.07761683 84.78717041 -15.22668171 662.19061279
0.19195710 -0.21304744 0.95800108 0.84273684 -0.46446505 -0.27215242 0.50293642 0.85958254 0.09038254 83.71185303 -13.59279251 660.14282227
0.17452666 -0.23306027 0.95667458 0.84359401 -0.46569750 -0.26734817 0.50782615 0.85370249 0.11532852 83.43579865 -10.22907829 659.81512451
0.17594588 -0.26016626 0.94939965 0.83868712 -0.46534392 -0.28294757 0.51540762 0.84603077 0.13631956 83.40753174 -7.82106113 660.27258301
0.17410770 -0.26516077 0.94835627 0.84459454 -0.45495832 -0.28226480 0.50630498 0.85011882 0.14473835 84.01531219 -5.21421480 658.69232178
0.16897835 -0.29708409 0.93978226 0.84267217 -0.45101410 -0.29409212 0.51122200 0.84162152 0.17412961 83.73258209 -4.03259373 661.64459229
0.16851792 -0.31794375 0.93301493 0.84614986 -0.43885925 -0.30237901 0.50559872 0.84042460 0.19506915 84.14464569 -5.96543169 663.54425049
0.17562799 -0.33570009 0.92545313 0.84496278 -0.43098283 -0.31668848 0.50516373 0.83759075 0.20795819 84.44369507 -9.32788277 663.38958740
0.17408420 -0.35043901 0.92026651 0.83772492 -0.43851370 -0.32545704 0.51759923 0.82758540 0.21722992 84.77095795 -9.95313263 661.25354004
0.17312951 -0.37088367 0.91240048 0.84021282 -0.42772973 -0.33330074 0.51387364 0.82431310 0.23756525 85.83808899 -7.98720169 661.32391357
0.18347360 -0.37775803 0.90754580 0.83935952 -0.42034420 -0.34465352 0.51167428 0.82499039 0.23994945 87.60036469 -6.40546989 662.13128662
0.17182125 -0.40611950 0.89752293 0.84146923 -0.41324353 -0.34807885 0.51225430 0.81504387 0.27072978 89.17453003 -6.49703503 664.83923340
0.18427056 -0.40825558 0.89407754 0.84534252 -0.39825189 -0.35607705 0.50143564 0.82141489 0.27172643 91.14648438 -8.07164764 663.93627930
0.18365850 -0.41541806 0.89089864 0.84277409 -0.39995417 -0.36023298 0.50596291 0.81698477 0.27664530 94.06952667 -10.18792629 662.34124756
0.17956121 -0.42667919 0.88640046 0.84167111 -0.39981472 -0.36295605 0.50925887 0.81122899 0.28732908 96.80242157 -11.90884686 663.20684814
0.17222126 -0.43853176 0.88206172 0.83700824 -0.40698132 -0.36576259 0.51937830 0.80128390 0.29696065 98.82270050 -12.84928131 663.93847656
0.17160806 -0.44520423 0.87883270 0.83965343 -0.40050426 -0.36684778 0.51529562 0.80086792 0.30508426 100.51027679 -14.78175831 664.83691406
0.16780774 -0.44831985 0.87798220 0.83936137 -0.40211257 -0.36575535 0.51702029 0.79831988 0.30882150 101.04833984 -17.76318359 664.66864014
0.16396929 -0.45222846 0.87670189 0.84126544 -0.40001115 -0.36367935 0.51515388 0.79717022 0.31485134 100.20023346 -21.09215164 662.61944580
0.15683813 -0.46293566 0.87240773 0.83482808 -0.40983304 -0.36755699 0.52769411 0.78595626 0.32219088 99.21073914 -24.71808243 660.86700439
0.14678539 -0.46512407 0.87299287 0.83644778 -0.41274565 -0.36054885 0.52802140 0.78313494 0.32846358 98.09561920 -27.09859276 659.97076416
0.14503549 -0.47321472 0.86892784 0.82959718 -0.42042804 -0.36743459 0.53919446 0.77414972 0.33159718 96.29562378 -27.65886116 658.28546143
0.14506336 -0.47388613 0.86855721 0.83405602 -0.41367131 -0.36500120 0.53226352 0.77737230 0.33523563 95.02510071 -26.40137100 655.63763428
0.14150889 -0.48311207 0.86404926 0.83253956 -0.41414896 -0.36791015 0.53558421 0.77141631 0.34360069 94.05300903 -25.12714005 655.99444580
0.14802057 -0.47654241 0.86660278 0.83406568 -0.41070816 -0.36831066 0.53143364 0.77731973 0.33667096 93.57998657 -23.99785233 655.30285645
0.15312870 -0.48091754 0.86329204 0.83037436 -0.41099575 -0.37624532 0.53574944 0.77446806 0.33640286 94.08427429 -24.02353287 655.37072754
0.15482235 -0.48069018 0.86311662 0.82822937 -0.41311875 -0.37864056 0.53857559 0.77347898 0.33415818 95.10473633 -24.63385391 654.72680664
0.14700364 -0.48891848 0.85985583 0.82895154 -0.41337988 -0.37677056 0.53965425 0.76816380 0.34451786 95.87384796 -24.46908188 653.80371094
0.15676656 -0.48271760 0.86163300 0.82891661 -0.41000634 -0.38051477 0.53695315 0.77387232 0.33585393 96.44294739 -23.95126915 651.13964844
0.16070902 -0.47798082 0.86354512 0.83013541 -0.40780967 -0.38021851 0.53389633 0.77796239 0.33124658 97.64785767 -24.24123192 648.53057861
0.14915977 -0.47921902 0.86492985 0.83526915 -0.40709138 -0.36959636 0.52922016 0.77757674 0.33955169 96.33593750 -25.60972214 646.98120117
0.14365619 -0.48251769 0.86402714 0.83265585 -0.41291410 -0.36903349 0.53483129 0.77244997 0.34244999 95.08486176 -25.94861221 645.30413818
0.14307888 -0.48703340 0.86158603 0.83485335 -0.40815690 -0.36936104 0.53155053 0.77214438 0.34819925 93.77435303 -24.60476685 643.41687012
0.14410931 -0.49115169 0.85907274 0.83017582 -0.41246247 -0.37507665 0.53855169 0.76723224 0.34829909 91.50711823 -22.80270195 643.31494141
0.15037452 -0.48602256 0.86091411 0.83000702 -0.41102841 -0.37701949 0.53709698 0.77125770 0.34159049 89.55987549 -20.78288269 642.48565674
0.15515047 -0.48909944 0.85832012 0.83102459 -0.40517059 -0.38109669 0.53415722 0.77241135 0.34358779 88.48410034 -18.51281166 642.51397705
0.15658091 -0.49901530 0.85233182 0.82904226 -0.40263760 -0.38803545 0.53681332 0.76737720 0.35065600 88.06845856 -16.52577591 642.94818115
0.15277815 -0.49912292 0.85295874 0.83212233 -0.40063745 -0.38348615 0.53313071 0.76835358 0.35411921 87.24904633 -14.97675991 642.73144531
