0.23215775 -0.38475400 0.89334649 0.82474637 -0.40903232 -0.39049533 0.51565200 0.82744020 0.22236413 58.81934357 -39.21540070 730.96343994
0.23268725 -0.38409159 0.89349353 0.82453519 -0.40928984 -0.39067197 0.51575106 0.82762063 0.22146016 58.57037354 -38.63125229 730.42596436
0.23445146 -0.38179189 0.89401764 0.82595146 -0.40676752 -0.39031252 0.51267552 0.82992458 0.21997450 58.12062073 -37.84695816 729.10089111
0.23634365 -0.37976632 0.89438248 0.82699716 -0.40461260 -0.39034000 0.51011610 0.83190554 0.21843792 57.50083542 -37.03555298 727.81677246
0.23659918 -0.37639225 0.89573920 0.82775199 -0.40466315 -0.38868216 0.50877023 0.83341211 0.21581697 56.73641968 -36.25263977 726.46569824
0.23791017 -0.37230003 0.89710200 0.82876426 -0.40383843 -0.38738126 0.50650632 0.83564800 0.21247213 55.87182617 -35.57369232 725.04705811
0.23955785 -0.36772367 0.89854950 0.82947242 -0.40346378 -0.38625532 0.50456738 0.83785260 0.20836350 54.98138428 -34.96845627 723.19049072
0.24074958 -0.36451009 0.89954013 0.83003974 -0.40304643 -0.38547048 0.50306398 0.83945584 0.20552436 54.22101212 -34.44718933 721.75097656
0.24196656 -0.36013779 0.90097344 0.82979286 -0.40445960 -0.38452095 0.50288796 0.84066230 0.20097415 53.58361435 -33.92656326 719.99890137
0.24437590 -0.35488755 0.90240550 0.82955629 -0.40537465 -0.38406876 0.50211340 0.84245294 0.19533552 53.04106903 -33.37579346 717.94445801
0.24599370 -0.34951103 0.90406239 0.83003187 -0.40569934 -0.38269413 0.50053346 0.84454143 0.19030611 52.54860687 -32.95189285 716.30541992
0.24718057 -0.34331304 0.90611196 0.83099061 -0.40584230 -0.38045537 0.49835342 0.84701169 0.18497361 51.94826889 -32.83912659 714.69335938
0.24816632 -0.33720741 0.90813261 0.83043081 -0.40864864 -0.37867144 0.49879766 0.84811437 0.17861442 51.25529861 -32.89299774 712.87261963
0.24909526 -0.33081847 0.91022605 0.82991064 -0.41153112 -0.37668481 0.49920020 0.84923631 0.17203882 50.50405502 -32.98817062 711.11285400
0.25012028 -0.32358894 0.91254061 0.82960856 -0.41430330 -0.37430218 0.49918866 0.85067183 0.16482660 49.77711868 -33.19247818 709.35681152
0.25170040 -0.31534022 0.91499054 0.82947588 -0.41679820 -0.37182027 0.49861598 0.85254920 0.15665887 49.00379562 -33.46002579 707.46643066
0.25257802 -0.30758318 0.91738611 0.82826972 -0.42138776 -0.36932597 0.50017363 0.85312682 0.14832856 48.02396774 -33.64460754 705.94732666
0.25310856 -0.30019790 0.91968322 0.82557869 -0.42855549 -0.36709681 0.50433695 0.85218662 0.13936564 46.66709900 -33.53112793 704.54602051
0.25281763 -0.29344675 0.92193913 0.82242382 -0.43672872 -0.36453599 0.50960928 0.85038602 0.13092515 44.77393341 -33.14734650 703.67840576
0.25631538 -0.29922080 0.91911364 0.82004899 -0.43605083 -0.37064695 0.51168537 0.84872055 0.13360925 42.65472412 -32.93857956 703.00909424
0.25058857 -0.30433866 0.91901249 0.82398498 -0.43127131 -0.36749652 0.50818706 0.84934270 0.14269933 39.86145020 -32.02768707 702.65393066
0.23587656 -0.31013069 0.92096686 0.82324070 -0.43980533 -0.35894981 0.51636750 0.84284633 0.15157270 36.66217422 -30.39855385 702.66625977
0.22531614 -0.31231216 0.92287254 0.82069558 -0.44964188 -0.35253474 0.52506298 0.83682925 0.15500173 33.20490646 -28.54570580 702.96588135
0.21402936 -0.30927598 0.92657423 0.81573325 -0.46523175 -0.34371337 0.53737408 0.82940203 0.15271331 29.36947632 -26.54035568 703.77587891
0.22046946 -0.29740167 0.92894882 0.83035123 -0.44247192 -0.33872592 0.51177138 0.84603244 0.14939630 25.65675163 -24.90901566 699.75927734
0.21751051 -0.28618583 0.93315953 0.83861864 -0.43437481 -0.32869014 0.49940765 0.85405856 0.14551964 21.42970467 -22.99041176 696.25183105
0.21915518 -0.27058980 0.93741757 0.84471047 -0.42821336 -0.32108742 0.48829788 0.86221474 0.13472487 16.77584648 -21.05623055 693.00793457
0.22295517 -0.26171976 0.93903863 0.85909438 -0.40249717 -0.31615397 0.46070397 0.87721086 0.13510305 12.33657265 -19.27364159 688.64721680
0.21629684 -0.26877341 0.93860352 0.87105936 -0.38110477 -0.30986273 0.44098920 0.88460165 0.15168568 7.91653013 -16.80810165 683.91052246
0.21077706 -0.28228891 0.93588787 0.88315129 -0.35544318 -0.30611080 0.41906637 0.89105153 0.17438480 3.18570542 -14.28950596 679.45635986
0.20546846 -0.30443764 0.93010771 0.89487410 -0.32631865 -0.30449393 0.39621100 0.89489323 0.20538530 -2.07475090 -11.95339108 674.51690674
0.19968994 -0.33605543 0.92042941 0.90066653 -0.30700102 -0.30749035 0.38590667 0.89040279 0.24136887 -7.84895897 -9.73168564 668.72430420
0.19699290 -0.36129791 0.91140401 0.90441805 -0.29187411 -0.31118706 0.37844661 0.88559216 0.26926735 -14.47401142 -7.62669468 662.50842285
0.19224645 -0.36745369 0.90995514 0.91497713 -0.26809320 -0.30156773 0.35476500 0.89056367 0.28467178 -21.12016678 -5.85236645 655.55297852
0.18894581 -0.37373763 0.90808558 0.92379057 -0.24596807 -0.29344568 0.33303174 0.89432627 0.29878074 -27.55587769 -3.93806648 648.91424561
0.18686981 -0.38026905 0.90580088 0.93151259 -0.22427772 -0.28632960 0.31203327 0.89727098 0.31231430 -33.74607468 -2.01172185 642.48162842
0.18202867 -0.39324564 0.90123403 0.93490535 -0.21476245 -0.28253949 0.30465889 0.89399940 0.32855451 -39.70895004 0.14301261 636.18579102
0.17823650 -0.39158836 0.90271246 0.94212240 -0.19683731 -0.27140406 0.28396633 0.89884007 0.33384022 -45.98570633 1.94973838 629.92108154
0.17827307 -0.38944012 0.90363425 0.94415313 -0.19092847 -0.26855209 0.27711472 0.90104532 0.33365399 -51.24499130 3.71877098 623.51062012
0.17639636 -0.37417018 0.91042894 0.94842958 -0.18287465 -0.25891745 0.26337352 0.90914994 0.32261571 -56.59769058 4.95917845 620.37805176
0.18005642 -0.35980862 0.91548729 0.94990784 -0.17809206 -0.25682089 0.25544763 0.91587168 0.30971915 -61.62251663 6.01419258 618.00189209
0.18297625 -0.34977606 0.91879052 0.95074552 -0.17489351 -0.25592062 0.25020534 0.92036343 0.30054653 -66.05322266 6.77817392 615.81103516
0.17959349 -0.34379956 0.92170936 0.95219755 -0.17460850 -0.25066337 0.24711613 0.92266679 0.29600638 -69.81113434 7.45640278 614.32373047
0.17733093 -0.33646047 0.92485011 0.95318651 -0.17515805 -0.24648644 0.24492793 0.92526430 0.28964880 -72.74260712 8.06320095 612.30780029
0.17590831 -0.33171532 0.92683470 0.95290840 -0.17888692 -0.24488023 0.24702935 0.92626405 0.28462601 -75.07852936 8.48912048 611.00311279
0.16886552 -0.32912007 0.92906606 0.95537430 -0.17713320 -0.23639670 0.24237141 0.92752570 0.28452140 -76.71927643 8.27648067 610.85369873
0.15842415 -0.32704589 0.93163443 0.95916641 -0.17293714 -0.22381456 0.23431188 0.92904961 0.28629416 -77.79074097 7.45219707 611.36602783
0.14820990 -0.32499209 0.93403119 0.96162921 -0.17312604 -0.21282777 0.23087257 0.92973548 0.28686270 -78.40001678 6.44071245 612.81555176
0.13915719 -0.32346308 0.93595231 0.96352762 -0.17394012 -0.20337054 0.22858249 0.93011612 0.28746051 -78.67208862 5.47568893 614.63989258
0.13544507 -0.32352993 0.93647361 0.96337658 -0.17777264 -0.20075285 0.23142900 0.92936826 0.28760296 -78.66399384 4.46120405 616.04870605
0.12951593 -0.31967798 0.93863291 0.96584696 -0.17357093 -0.19238578 0.22442095 0.93149292 0.28627986 -78.39838409 3.41838789 616.59155273
0.12905568 -0.31730506 0.93950093 0.96670908 -0.17084046 -0.19049214 0.22094883 0.93280834 0.28469351 -77.92723846 2.34973812 617.92388916
0.12768096 -0.31764457 0.93957436 0.96773589 -0.16757883 -0.18816176 0.21722156 0.93328440 0.28599960 -77.25564575 1.01573515 619.78894043
0.12145556 -0.31681016 0.94068080 0.97316241 -0.14861125 -0.17569983 0.19545904 0.93677431 0.29025799 -76.61399078 -0.17467169 622.74761963
0.11581749 -0.30787551 0.94435114 0.97577935 -0.14237541 -0.16608819 0.18558650 0.94071364 0.28392899 -76.42738342 -1.02525342 625.93469238
0.10125141 -0.29867521 0.94896841 0.97917032 -0.13881898 -0.14816600 0.17598885 0.94420451 0.27839825 -75.86216736 -2.70936894 628.94274902
0.08515855 -0.29435724 0.95189357 0.97994429 -0.14799851 -0.13343421 0.18015634 0.94416630 0.27585036 -75.11532593 -4.64937115 631.54730225
0.07220934 -0.28870603 0.95469040 0.97895414 -0.16266929 -0.12323724 0.19087818 0.94349736 0.27088404 -74.34457397 -7.03267622 633.60070801
0.06806742 -0.29042703 0.95447326 0.97551155 -0.18118736 -0.12469893 0.20915425 0.93958670 0.27098194 -73.38492584 -9.37088490 634.42242432
0.06748297 -0.28691179 0.95557696 0.97222203 -0.19623418 -0.12757793 0.22412057 0.93764257 0.26569968 -71.84884644 -11.70672512 633.28186035
0.06383679 -0.28458297 0.95652384 0.96633619 -0.22174971 -0.13046594 0.24923725 0.93265200 0.26084700 -70.12441254 -14.64661503 631.78820801
0.05416674 -0.28902340 0.95578843 0.95994008 -0.24846558 -0.12953630 0.27491948 0.92451620 0.26398653 -68.27839661 -16.90989304 630.04461670
0.04329420 -0.29117581 0.95568943 0.94888139 -0.28737500 -0.13054180 0.31265157 0.91248685 0.26384962 -66.27812958 -18.70518303 627.24291992
0.03082043 -0.29300064 0.95561564 0.94260550 -0.30950817 -0.12529860 0.33248323 0.90463001 0.26664484 -63.72163010 -20.17544556 622.71545410
0.02651419 -0.29598069 0.95482588 0.93508053 -0.33036920 -0.12837517 0.35344180 0.89624316 0.26800638 -61.37503052 -21.43997383 618.32397461
0.02589883 -0.30128157 0.95318305 0.92511016 -0.35409710 -0.13705930 0.37881312 0.88534975 0.26954803 -59.14296722 -21.99711990 614.41271973
0.02271534 -0.31093523 0.95015967 0.90866685 -0.38990799 -0.14931896 0.41690347 0.86677057 0.27367955 -56.95927048 -21.88904953 610.66021729
0.02986599 -0.32704324 0.94453740 0.89025521 -0.42095524 -0.17390393 0.45448202 0.84607309 0.27857971 -54.60845566 -21.17708969 605.55169678
0.05541359 -0.33458972 0.94073313 0.86961454 -0.44678435 -0.21013215 0.49061286 0.82971883 0.26620588 -52.96437836 -19.97500420 597.31756592
0.08596237 -0.35137659 0.93227935 0.84510863 -0.46985134 -0.25501171 0.52763790 0.80979884 0.25656188 -51.42975998 -18.83729172 586.80303955
0.10444503 -0.36366263 0.92565668 0.81934243 -0.49609292 -0.28734913 0.56370997 0.78844225 0.24614987 -51.45273209 -18.25951195 578.05169678
0.11503300 -0.37361234 0.92042446 0.79280150 -0.52375478 -0.31168205 0.59852540 0.76556802 0.23595144 -51.26474762 -18.38534164 567.93695068
0.13168387 -0.38575640 0.91315496 0.76583320 -0.54530209 -0.34079880 0.62941086 0.74420261 0.22361791 -51.92901611 -18.79109192 559.13378906
0.14390382 -0.39856243 0.90578115 0.73714095 -0.56750458 -0.36682543 0.66023809 0.72047639 0.21213056 -53.28778076 -19.06255150 551.85223389
0.14956851 -0.41433665 0.89774984 0.70651394 -0.59040922 -0.39019847 0.69171321 0.69263405 0.20442794 -55.31533432 -19.11986542 546.87054443
0.17496400 -0.41851017 0.89119971 0.67327851 -0.60958928 -0.41844562 0.71838933 0.67323869 0.17511779 -57.05474472 -19.08410835 541.53283691
0.19822221 -0.43567434 0.87800729 0.63989800 -0.62101990 -0.45262140 0.74245483 0.65155369 0.15568706 -59.37750244 -19.05145264 536.12652588
0.20822388 -0.45544904 0.86556870 0.60517025 -0.63523805 -0.47983438 0.76838225 0.62372941 0.14335230 -62.32048035 -18.93519020 531.82312012
0.21578766 -0.47762060 0.85165423 0.57003641 -0.64652508 -0.50701451 0.79277623 0.59488124 0.13274924 -65.96607208 -18.59818268 528.16473389
0.21932243 -0.49548358 0.84047252 0.54123378 -0.65495563 -0.52735132 0.81176573 0.57055175 0.12452574 -69.82146454 -18.29357338 524.21295166
0.21231873 -0.51247591 0.83203942 0.51283610 -0.66634226 -0.54128325 0.83181739 0.54162425 0.12133953 -73.67098999 -17.89633751 520.76544189
0.20705980 -0.52588505 0.82496744 0.49399376 -0.67164940 -0.55213898 0.84445029 0.52185440 0.12071230 -77.72048187 -17.37177086 518.28405762
0.19415829 -0.53393000 0.82293469 0.47325099 -0.68383723 -0.55533803 0.85926515 0.49727818 0.11991053 -81.96092224 -16.80027008 517.19470215
0.18018818 -0.53640437 0.82450110 0.45648968 -0.69688660 -0.55314243 0.87129176 0.47604585 0.11929249 -85.83247375 -16.15634727 516.95654297
0.17079537 -0.53555703 0.82704782 0.44636384 -0.70625281 -0.54951537 0.87840134 0.46301866 0.11842822 -89.25117493 -15.40233803 516.90307617
0.16784814 -0.53614205 0.82727152 0.43354496 -0.71352202 -0.55038613 0.88536197 0.45104101 0.11267824 -91.60437775 -14.99081707 516.69049072
0.16207862 -0.54172981 0.82477838 0.42425042 -0.71638191 -0.55390304 0.89092183 0.43968832 0.11371859 -93.93384552 -14.04879665 515.99768066
0.15110973 -0.55072534 0.82089406 0.43094075 -0.71066302 -0.55610049 0.88963801 0.43778923 0.12994190 -96.29044342 -13.53240585 517.55242920
0.15099117 -0.55294776 0.81942159 0.44950515 -0.69986475 -0.55509913 0.88042486 0.45214915 0.14287885 -98.99510193 -13.05632114 519.75091553
0.15211314 -0.55436492 0.81825495 0.46588850 -0.68992609 -0.55403078 0.87167084 0.46549097 0.15332547 -101.24221039 -13.08684540 521.43395996
0.15640782 -0.55338234 0.81811082 0.48119631 -0.68066150 -0.55240488 0.86254650 0.48007172 0.15982477 -102.97848511 -13.72165203 522.89135742
0.15948622 -0.55132776 0.81890267 0.49429458 -0.67345148 -0.54966915 0.85453910 0.49244380 0.16511223 -104.33616638 -15.02184105 524.29724121
0.16014279 -0.54676402 0.82182968 0.50173748 -0.67190897 -0.54479128 0.85006702 0.49958718 0.16673072 -105.15499878 -17.01127243 525.38006592
0.15753493 -0.54113668 0.82604665 0.51188040 -0.67059195 -0.53692019 0.84448838 0.50742131 0.17135563 -105.73338318 -19.63526917 526.68859863
0.14825423 -0.54568964 0.82476872 0.51382679 -0.67007822 -0.53570318 0.84498703 0.50320840 0.18104808 -105.70611572 -22.91010284 527.98840332
0.14079770 -0.53950298 0.83012813 0.51811051 -0.67434531 -0.52613628 0.84364516 0.50417697 0.18457587 -106.01217651 -25.46245003 528.94812012
0.13034138 -0.53649044 0.83378035 0.52134997 -0.67821789 -0.51789516 0.84333032 0.50219440 0.19129962 -105.70471191 -28.36592484 531.15606689
0.12241667 -0.53257388 0.83748358 0.52946705 -0.67867881 -0.50897932 0.83945161 0.50572729 0.19889885 -104.92535400 -31.16876030 533.56915283
0.11019906 -0.52847946 0.84176314 0.52782768 -0.68650728 -0.50010574 0.84217215 0.49941683 0.20329288 -103.62159729 -33.33922195 534.40911865
0.10696669 -0.52519113 0.84423578 0.53134090 -0.68749261 -0.49500555 0.84037793 0.50152630 0.20551635 -102.10701752 -34.59462738 534.28979492
0.10602547 -0.51271927 0.85198468 0.53244197 -0.69435811 -0.48412043 0.83979994 0.50496131 0.19937351 -101.04566193 -34.84313202 534.04736328
0.10266016 -0.50958759 0.85427248 0.53259742 -0.69717652 -0.47988057 0.84011966 0.50424767 0.19983275 -99.52605438 -35.05748367 534.11236572
0.10750537 -0.50566626 0.85600519 0.52988476 -0.69937283 -0.47968739 0.84122807 0.50515258 0.19275817 -97.85094452 -34.36070251 533.27569580
0.11071976 -0.50268596 0.85734910 0.53282773 -0.69817543 -0.47816902 0.83894944 0.50976241 0.19054337 -96.46669769 -32.80878830 532.33905029
0.11510421 -0.49525860 0.86108673 0.53245765 -0.70103675 -0.47438031 0.83859426 0.51309538 0.18301143 -95.78519440 -31.09548187 533.50347900
0.12167633 -0.48512700 0.86593747 0.53308398 -0.70397544 -0.46929672 0.83726698 0.51872003 0.17295569 -95.87921906 -29.64724731 535.55633545
0.13015762 -0.47302574 0.87138134 0.53574950 -0.70595461 -0.46324939 0.83428478 0.52713782 0.16153781 -96.27599335 -28.39598274 537.46319580
0.13827661 -0.46373367 0.87511754 0.54051274 -0.70507747 -0.45903352 0.82989490 0.53648579 0.15315826 -96.83415985 -27.25721169 538.47424316
0.14443496 -0.45745549 0.87742364 0.54816812 -0.70123345 -0.45583221 0.82380223 0.54681414 0.14947991 -97.59471893 -26.15266418 539.12548828
0.15050486 -0.44842672 0.88105768 0.55791581 -0.69720197 -0.45015553 0.81613624 0.55930609 0.14525187 -98.55193329 -25.12840843 540.76470947
0.15505072 -0.44341043 0.88280648 0.57212299 -0.68820381 -0.44615111 0.80537874 0.57424980 0.14697890 -99.60797119 -24.05689430 541.58123779
0.16171098 -0.43529204 0.88564700 0.58698320 -0.67900717 -0.44090748 0.79328388 0.59115940 0.14570609 -100.70351410 -23.15718269 542.17791748
0.16281416 -0.42819169 0.88890028 0.59683675 -0.67465699 -0.43430787 0.78566951 0.60123962 0.14571629 -101.83950806 -22.34744263 543.11694336
0.16465926 -0.42201138 0.89151257 0.60026741 -0.67432791 -0.43007153 0.78266644 0.60596085 0.14228483 -102.93383026 -21.64196777 543.65393066
0.16721006 -0.43228287 0.88609928 0.59624094 -0.67143947 -0.44007429 0.78519922 0.60191375 0.14547315 -104.14907074 -20.71754837 544.65460205
0.16231039 -0.43614656 0.88511705 0.59564227 -0.67183679 -0.44027901 0.78668010 0.59867483 0.15074146 -105.77132416 -19.43551445 545.52667236
0.15365741 -0.43954086 0.88498181 0.59555459 -0.67347103 -0.43789488 0.78848189 0.59434050 0.15828729 -106.02271271 -18.61202621 545.13366699
0.16937804 -0.44815603 0.87776226 0.58675355 -0.66973400 -0.45516676 0.79185307 0.59212536 0.14951916 -105.60967255 -18.67524910 544.46704102
0.18692268 -0.45663407 0.86979616 0.57368207 -0.66800410 -0.47398204 0.79746366 0.58758485 0.13709779 -105.36151886 -18.58349228 546.36859131
0.18888105 -0.46204889 0.86650741 0.56417549 -0.67117208 -0.48086876 0.80375999 0.57968903 0.13390502 -105.69305420 -17.76122856 549.54846191
0.16330042 -0.45298564 0.87643397 0.53556687 -0.70536560 -0.46435732 0.82855362 0.54521883 0.12741773 -107.35122681 -16.90072441 560.09979248
0.14133099 -0.44387031 0.88487589 0.49379748 -0.74310273 -0.45162272 0.85801578 0.50077778 0.11415812 -108.58421326 -16.99388504 569.45068359
0.11680581 -0.43417677 0.89322245 0.47250861 -0.76677376 -0.43450272 0.87355101 0.47280791 0.11558898 -110.44111633 -17.09375000 578.71008301
0.10335191 -0.42560768 0.89898652 0.43848461 -0.79176372 -0.42525524 0.89277685 0.43814266 0.10479195 -111.39584351 -17.88649750 586.26300049
0.08694046 -0.41527048 0.90553391 0.42778212 -0.80534291 -0.41039556 0.89969075 0.42305142 0.10762864 -112.34053040 -17.98765182 593.44738770
0.07403787 -0.40531379 0.91117412 0.41883051 -0.81655747 -0.39725831 0.90504092 0.41104001 0.10930189 -113.11385345 -18.05778694 600.61218262
0.06529418 -0.39695001 0.91551542 0.38886443 -0.83481890 -0.38969529 0.91897845 0.38145590 0.09985052 -113.17622375 -18.63696671 605.52166748
0.05216210 -0.39023837 0.91923487 0.38393664 -0.84190422 -0.37919608 0.92188460 0.37270784 0.10591087 -113.85037231 -19.04588890 609.63159180
0.04084228 -0.38076761 0.92376798 0.37620375 -0.85064209 -0.36725867 0.92563623 0.36252466 0.10850429 -114.74816895 -20.02301788 614.12622070
0.03330633 -0.37618840 0.92594409 0.35427791 -0.86185557 -0.36289409 0.93454695 0.34012830 0.10457014 -114.90206909 -21.79226303 616.31811523
0.02503944 -0.36993796 0.92871898 0.33279365 -0.87293726 -0.35669115 0.94266748 0.31800324 0.10125487 -114.66334534 -23.03211594 616.11968994
0.00709347 -0.36974752 0.92910528 0.31171650 -0.88201517 -0.35338709 0.95014864 0.29212409 0.10899974 -114.20520782 -23.87419510 614.08984375
-0.00658104 -0.36561322 0.93074375 0.31062928 -0.88546568 -0.34563050 0.95050865 0.28684136 0.11939733 -114.58346558 -24.17948341 614.07196045
-0.01341828 -0.36127290 0.93236339 0.29829508 -0.89143538 -0.34112072 0.95437920 0.27354211 0.11972765 -114.34996796 -24.70233536 612.71740723
-0.01562618 -0.36339581 0.93150371 0.28098330 -0.89567202 -0.34470347 0.95958561 0.25635058 0.11610398 -113.50772095 -24.94172287 609.75476074
-0.03804893 -0.35890669 0.93259776 0.26363546 -0.90381336 -0.33707303 0.96387184 0.23304050 0.12900956 -112.82020569 -24.68357849 605.71942139
-0.05454963 -0.35898650 0.93174732 0.26546517 -0.90476847 -0.33305022 0.96257597 0.22917867 0.14465283 -112.25826263 -23.89459229 602.08782959
-0.07162759 -0.35909617 0.93054783 0.26845393 -0.90545893 -0.32875052 0.96062541 0.22626175 0.16125575 -111.88861084 -23.09206772 599.52191162
-0.08695058 -0.36100459 0.92850149 0.27617806 -0.90423524 -0.32570639 0.95716506 0.22811137 0.17832506 -111.81669617 -22.06311035 597.64886475
-0.10270040 -0.36305755 0.92609006 0.28739473 -0.90213716 -0.32179624 0.95229071 0.23310481 0.19699089 -112.27358246 -20.91853905 596.71112061
-0.12007963 -0.36351731 0.92381579 0.30124757 -0.90001583 -0.31499505 0.94595492 0.24047275 0.21758206 -113.26363373 -19.97682953 596.80297852
-0.13714482 -0.36727855 0.91994488 0.32105047 -0.89506727 -0.30948496 0.93707985 0.25290450 0.24066886 -114.73997498 -19.36160278 597.96691895
-0.15759982 -0.37223226 0.91466117 0.34233069 -0.88939363 -0.30296516 0.92626846 0.26536977 0.26759550 -116.56871033 -18.94338799 599.70422363
-0.17448072 -0.37592375 0.91007566 0.36566073 -0.88289726 -0.29459253 0.91424793 0.28137827 0.29150918 -118.54257965 -18.49025917 601.30120850
-0.20709124 -0.38551450 0.89916164 0.37982780 -0.87867284 -0.28924945 0.90157884 0.28162560 0.32839486 -120.02052307 -18.20969963 602.41760254
-0.21548045 -0.39135063 0.89465815 0.40318558 -0.87009758 -0.28349888 0.88938701 0.29962468 0.34527609 -122.24310303 -17.67130852 603.31518555
-0.23536085 -0.40263891 0.88458294 0.42301694 -0.86185849 -0.27974334 0.87502074 0.30835289 0.37317115 -123.61812592 -17.02819061 602.52270508
-0.24051680 -0.40676945 0.88130021 0.43967542 -0.85511941 -0.27469310 0.86535388 0.32141781 0.38451710 -125.31455994 -16.01036644 601.75463867
-0.25795579 -0.41518021 0.87240070 0.44195414 -0.85365725 -0.27558109 0.85914767 0.31447357 0.40369698 -125.51186371 -15.03842449 599.80029297
-0.26016343 -0.41822940 0.87028682 0.45213550 -0.84916890 -0.27291960 0.85316396 0.32248405 0.41001889 -125.84777832 -13.70225716 598.52819824
-0.26363313 -0.42153096 0.86764598 0.46092513 -0.84518689 -0.27056810 0.84737557 0.32858902 0.41711345 -125.82876587 -12.45997143 598.43646240
-0.26868808 -0.42491516 0.86443859 0.47201675 -0.84038299 -0.26637664 0.83964640 0.33645689 0.42636800 -125.48164368 -11.25814629 599.18933105
-0.27276871 -0.42987615 0.86069947 0.48428696 -0.83436686 -0.26324630 0.83130270 0.34502029 0.43577257 -124.81153107 -10.28885841 600.79425049
-0.27879971 -0.43489152 0.85623604 0.49684572 -0.82831162 -0.25892967 0.82183635 0.35322759 0.44700682 -123.89566803 -9.55459404 603.35882568
-0.28352982 -0.43624952 0.85398883 0.50552803 -0.82473892 -0.25346911 0.81489378 0.35984930 0.45437458 -122.59718323 -9.06993389 605.51837158
-0.28906593 -0.44231057 0.84900135 0.50227731 -0.82506222 -0.25882477 0.81495941 0.35161638 0.46065953 -120.52581787 -9.30681801 606.87902832
-0.29187217 -0.43547726 0.85156912 0.50210065 -0.82755226 -0.25110200 0.81406724 0.35428369 0.46019295 -118.80037689 -9.65014076 608.96148682
-0.29402256 -0.43232363 0.85243511 0.50540417 -0.82729691 -0.24524952 0.81124437 0.35871518 0.46174231 -117.06432343 -10.19301224 610.90216064
-0.29510286 -0.42466837 0.85590374 0.50294572 -0.83068848 -0.23874947 0.81237870 0.36001742 0.45872369 -115.48650360 -11.12964535 612.36260986
-0.30859911 -0.43335035 0.84674287 0.49942932 -0.83143210 -0.24349540 0.80952859 0.34774598 0.47300738 -113.59604645 -12.79136658 612.16033936
-0.31141850 -0.42507395 0.84990019 0.49246722 -0.83709460 -0.23822024 0.81270802 0.34436172 0.47002223 -112.99584198 -14.41418743 613.57159424
-0.31394857 -0.41720214 0.85286486 0.48962814 -0.84076351 -0.23104486 0.81344938 0.34505054 0.46823022 -112.96456146 -16.75436783 614.92730713
-0.33020669 -0.42091745 0.84486216 0.47502884 -0.84756470 -0.23660381 0.81566644 0.32320583 0.47981969 -112.73124695 -19.29283142 614.29583740
-0.33085999 -0.41553169 0.84726942 0.47457173 -0.84930754 -0.23121059 0.81566751 0.32559168 0.47820148 -113.77497864 -21.59211349 615.84466553
-0.33848143 -0.42326948 0.84040165 0.46965709 -0.84991157 -0.23889893 0.81538486 0.31383753 0.48647049 -114.14946747 -24.20841789 615.13189697
-0.33562142 -0.41915399 0.84360462 0.47354543 -0.84923881 -0.23355654 0.81431741 0.32109833 0.48351112 -115.50595856 -26.03325272 617.38305664
-0.34726822 -0.42989436 0.83342391 0.46932650 -0.84909606 -0.24242105 0.81187260 0.30696291 0.49662507 -115.78520203 -27.59843636 617.46374512
-0.34661120 -0.42592269 0.83573371 0.47821826 -0.84671819 -0.23318535 0.80694991 0.31883860 0.49716586 -117.28506470 -28.66328049 621.63171387
-0.34511456 -0.42201495 0.83833158 0.49386764 -0.84120631 -0.22015248 0.79811716 0.33804691 0.49873215 -118.95423889 -29.44239807 626.73895264
-0.35617596 -0.42482185 0.83226532 0.50668705 -0.83616942 -0.20997339 0.78511620 0.34691060 0.51307511 -119.79418182 -30.01810646 629.27624512
-0.35220769 -0.42115834 0.83580804 0.52330756 -0.82900923 -0.19721185 0.77595043 0.36792538 0.51237881 -122.00887299 -30.49866295 634.24493408
-0.36297664 -0.42807224 0.82764870 0.53417426 -0.82337719 -0.19159360 0.76348317 0.37256470 0.52753174 -123.94685364 -31.07253647 638.49511719
-0.37026915 -0.43108958 0.82283801 0.55152637 -0.81479275 -0.17869298 0.74747539 0.38765255 0.53944975 -126.46783447 -31.20260429 640.96374512
-0.37964445 -0.43867141 0.81451607 0.57140619 -0.80360681 -0.16646434 0.72757399 0.40222222 0.55574489 -129.50001526 -31.03212547 642.26837158
-0.39780617 -0.46393692 0.79152614 0.59432483 -0.78755230 -0.16291107 0.69894809 0.40561631 0.58902192 -133.76106262 -30.97256470 644.15185547
-0.41261905 -0.48850864 0.76883352 0.61853576 -0.76986945 -0.15720999 0.66869992 0.41068321 0.61982250 -139.11431885 -30.98731613 647.50354004
-0.42455029 -0.50396234 0.75218248 0.64242691 -0.75308228 -0.14196423 0.63800013 0.42295173 0.64348096 -145.18978882 -31.34214783 651.76269531
-0.43619442 -0.51340395 0.73901993 0.66389984 -0.73799449 -0.12083529 0.60743010 0.43792766 0.66275787 -151.90739441 -31.63780212 657.44073486
-0.45632067 -0.52277720 0.72005159 0.67486310 -0.73074019 -0.10285315 0.57994020 0.43900245 0.68625546 -159.16552734 -31.59335136 663.59039307
-0.47556776 -0.52524161 0.70566058 0.67980593 -0.72855014 -0.08413486 0.55830002 0.43970057 0.70353711 -166.88565063 -31.17998695 670.24279785
-0.49208710 -0.52727449 0.69269836 0.67831582 -0.73097938 -0.07454348 0.54565287 0.43318659 0.71736443 -174.54808044 -30.19717216 676.13543701
-0.50476521 -0.52432573 0.68578053 0.67090321 -0.73817933 -0.07057291 0.54323143 0.42446950 0.72437900 -182.21916199 -28.55522156 682.33129883
-0.51826531 -0.52209526 0.67736030 0.65515321 -0.75146466 -0.07793916 0.54970360 0.40338150 0.73151094 -189.39031982 -26.13025665 687.22528076
-0.53065532 -0.51775479 0.67107075 0.63702148 -0.76590025 -0.08718835 0.55911499 0.38121924 0.73624909 -196.12969971 -23.31096840 691.23022461
-0.54466182 -0.51548439 0.66152781 0.62228376 -0.77721399 -0.09328001 0.56223321 0.36085206 0.74409658 -202.57510376 -20.06768799 694.35546875
-0.55970514 -0.51120675 0.65222490 0.60787207 -0.78819430 -0.09613400 0.56322449 0.34266272 0.75190461 -209.11346436 -16.72195244 696.93762207
-0.57343203 -0.50887549 0.64204532 0.59697950 -0.79625827 -0.09792010 0.56106257 0.32713735 0.76038778 -215.64767456 -13.46343040 699.17687988
-0.58754152 -0.51048768 0.62785149 0.59448767 -0.79869950 -0.09307940 0.54898065 0.31856188 0.77274758 -222.20907593 -10.41356277 701.31219482
-0.60178691 -0.51183552 0.61308753 0.59436685 -0.79976630 -0.08427258 0.53346044 0.31368479 0.78550732 -228.00271606 -7.79965496 702.48260498
-0.61883861 -0.51438278 0.59367478 0.59583962 -0.79987383 -0.07194705 0.51187354 0.30921131 0.80148244 -232.80227661 -5.85846043 702.73046875
-0.62645537 -0.52307928 0.57787693 0.60191548 -0.79568374 -0.06771740 0.49522856 0.30541104 0.81330991 -237.85830688 -4.16578102 704.18841553
-0.64032376 -0.52719802 0.55861413 0.60697013 -0.79298049 -0.05263168 0.47071686 0.30536038 0.82775640 -240.21379089 -3.80539322 702.96228027
-0.65323079 -0.53382254 0.53695774 0.61268610 -0.78934497 -0.03937900 0.44486606 0.30326283 0.84268969 -240.74790955 -4.46059990 700.73846436
-0.65771985 -0.53947908 0.52570504 0.62310952 -0.78180468 -0.02270347 0.42324689 0.31263959 0.85036373 -241.44030762 -5.67928600 701.02423096
-0.66246378 -0.54110253 0.51802522 0.62969732 -0.77681649 -0.00615047 0.40573809 0.32212472 0.85534340 -240.97552490 -7.36225748 701.04309082
-0.67338431 -0.54103386 0.50382066 0.63147980 -0.77530807 0.01143419 0.38443002 0.32585227 0.86373252 -238.81813049 -9.22442818 699.00067139
-0.67624611 -0.54365337 0.49712378 0.63166189 -0.77515763 0.01155023 0.37907007 0.32182503 0.86760277 -237.10298157 -11.10578251 698.40533447
-0.68581927 -0.54268003 0.48492238 0.62676817 -0.77906936 0.01456776 0.36988276 0.31392491 0.87443578 -233.54365540 -13.18670654 695.31842041
-0.69410360 -0.54210877 0.47364300 0.62126064 -0.78348458 0.01369267 0.36366925 0.30375981 0.88061041 -229.67878723 -15.15036964 692.41534424
-0.69550657 -0.54761511 0.46517521 0.61991274 -0.78466445 0.00313666 0.36328885 0.29054961 0.88521272 -226.04806519 -16.62217522 690.01818848
-0.70251745 -0.54893261 0.45292670 0.61907798 -0.78528345 0.00849010 0.35101542 0.28636143 0.89150745 -220.96743774 -18.27556610 686.55743408
-0.70827645 -0.54789573 0.44514552 0.61721933 -0.78667003 0.01381386 0.34261334 0.28453648 0.89535165 -215.63661194 -19.54378891 684.27807617
-0.71332175 -0.54570377 0.43974897 0.61539555 -0.78795385 0.02043314 0.33535147 0.28519478 0.89788842 -209.71681213 -20.55546761 682.52014160
-0.71792865 -0.54393888 0.43440634 0.61332476 -0.78943014 0.02514151 0.32925776 0.28448191 0.90036619 -203.34997559 -21.52264786 681.60925293
-0.71390486 -0.54987597 0.43356222 0.61925709 -0.78481132 0.02431436 0.32689473 0.28584462 0.90079570 -197.19227600 -22.51604462 682.15869141
-0.71654719 -0.54268527 0.43823856 0.61196750 -0.79058784 0.02159406 0.33474737 0.28366098 0.89859933 -190.66668701 -23.83509445 682.14965820
-0.71679401 -0.53195542 0.45080972 0.59899533 -0.80071622 0.00756630 0.35694599 0.27545655 0.89258796 -184.02674866 -25.40403938 681.24206543
-0.71562266 -0.51523334 0.47161406 0.57677644 -0.81672359 -0.01706698 0.39397159 0.25980225 0.88164014 -177.39512634 -27.07822037 680.03424072
-0.70882350 -0.50813442 0.48925200 0.56652504 -0.82332850 -0.03432866 0.42025906 0.25284082 0.87146652 -171.17422485 -28.51407242 679.71795654
-0.70769060 -0.49421075 0.50490576 0.54647374 -0.83584917 -0.05219062 0.44781801 0.23898292 0.86159539 -164.70910645 -29.88555908 677.82336426
-0.70947564 -0.48532176 0.51098663 0.53099203 -0.84486634 -0.06517992 0.46334872 0.22508633 0.85711420 -158.20625305 -31.02599907 675.03155518
-0.71082765 -0.46987450 0.52339429 0.50801349 -0.85762674 -0.07999084 0.48646241 0.20903157 0.84832764 -151.87748718 -31.71778297 671.38623047
-0.70992494 -0.46154028 0.53196490 0.49633136 -0.86375910 -0.08703872 0.49966127 0.20223972 0.84228104 -146.09442139 -31.68754959 667.80310059
-0.71086794 -0.45285353 0.53813583 0.48056954 -0.87140918 -0.09848666 0.51353627 0.18860064 0.83708429 -141.21441650 -30.80145454 664.39495850
-0.70997036 -0.44550458 0.54540634 0.47705528 -0.87395221 -0.09287507 0.51803511 0.19425049 0.83301061 -136.81713867 -29.46873856 660.94989014
-0.71947694 -0.43881133 0.53832835 0.47434521 -0.87663972 -0.08061828 0.50729620 0.19735041 0.83887011 -132.20919800 -28.77289581 657.38513184
-0.71447527 -0.42524484 0.55560106 0.47402477 -0.87828022 -0.06264318 0.51461178 0.21861154 0.82908595 -127.47296143 -28.77228355 652.91290283
-0.71684158 -0.39946145 0.57146126 0.46653810 -0.88389885 -0.03263470 0.51814985 0.24321514 0.81997997 -122.32580566 -29.18610954 646.67871094
-0.71901953 -0.36950403 0.58862358 0.45332330 -0.89132744 -0.00577744 0.52679127 0.26268247 0.80838674 -117.50968170 -29.55038834 639.31738281
-0.71924847 -0.33244067 0.61005360 0.43518758 -0.90005594 0.02260902 0.54156637 0.28174862 0.79203814 -113.67050934 -29.56483269 632.43621826
-0.72015989 -0.29044294 0.63008982 0.40898603 -0.91131020 0.04737708 0.56044668 0.29181677 0.77507585 -111.37329102 -28.76198006 625.10119629
-0.72495824 -0.24206768 0.64485586 0.37816307 -0.92237079 0.07889564 0.57569826 0.30105627 0.76022148 -109.95552063 -27.26640129 615.14660645
-0.73415750 -0.18265356 0.65394974 0.33240801 -0.93650889 0.11160378 0.59204525 0.29931298 0.74826086 -108.97234344 -25.62319946 605.48651123
-0.74183869 -0.12929654 0.65799499 0.28836548 -0.94738591 0.13894738 0.60540962 0.29281953 0.74009192 -107.81266785 -23.61011887 595.61859131
-0.75332999 -0.07773862 0.65303123 0.24210133 -0.95603573 0.16547640 0.61145765 0.28275827 0.73903137 -107.84139252 -21.76259804 587.38336182
-0.76755500 -0.01251692 0.64086080 0.18799342 -0.96023804 0.20640327 0.61279511 0.27890337 0.73938835 -107.71483612 -19.92114449 579.15435791
-0.77407670 0.05423243 0.63076389 0.13378625 -0.95981115 0.24670619 0.61879402 0.27535716 0.73571229 -107.76118469 -18.26618195 571.39215088
-0.76977032 0.11390103 0.62807697 0.08784247 -0.95568806 0.28097177 0.63224810 0.27145541 0.72565454 -108.42327118 -17.20250130 563.59436035
-0.76114976 0.19391222 0.61890936 0.02681537 -0.94403374 0.32875648 0.64802146 0.26682928 0.71335149 -108.75339508 -16.34787750 555.95855713
-0.74627191 0.28712848 0.60052878 -0.05132134 -0.92431605 0.37816194 0.66365945 0.25139180 0.70452720 -108.97720337 -16.26262093 549.96026611
-0.72867417 0.36969551 0.57650644 -0.12154922 -0.89823347 0.42237756 0.67398822 0.23770162 0.69945538 -109.52243042 -16.37183571 545.66455078
-0.71115023 0.43544051 0.55195701 -0.18055364 -0.87188715 0.45520622 0.67945981 0.22406226 0.69866335 -109.88601685 -16.64212227 541.75299072
-0.69045848 0.49266136 0.52967143 -0.23524724 -0.84535164 0.47962460 0.68405116 0.20655718 0.69957739 -110.73876190 -17.25606346 539.26739502
-0.66836059 0.54745233 0.50357717 -0.28601834 -0.81409520 0.50541300 0.68664920 0.19376579 0.70069063 -111.61423492 -17.64522934 537.10614014
-0.64229673 0.60129309 0.47529045 -0.33329502 -0.77753156 0.53325301 0.69019485 0.18409477 0.69981438 -112.83460999 -17.67603302 536.24182129
-0.60943335 0.65063739 0.45305905 -0.37458441 -0.73993009 0.55873960 0.69876868 0.17080560 0.69465661 -113.78769684 -17.69734764 536.09570312
-0.57896459 0.69409603 0.42782131 -0.40997019 -0.70137244 0.58309585 0.70478648 0.16219783 0.69062877 -114.28366852 -17.22063828 535.75280762
-0.55553913 0.72901875 0.39988515 -0.43736160 -0.66522092 0.60514170 0.70717144 0.16128546 0.68840086 -114.53768158 -16.39453506 536.25482178
-0.52671254 0.76405466 0.37255141 -0.47259983 -0.62750751 0.61877632 0.70655751 0.14984947 0.69160807 -114.60309601 -15.39202213 537.75531006
-0.50999010 0.78353381 0.35494319 -0.49642125 -0.60508347 0.62244642 0.70247835 0.14124025 0.69754952 -115.38823700 -14.66596985 542.36151123
-0.49198121 0.80290049 0.33661073 -0.52002627 -0.58110130 0.62601477 0.69823176 0.13294083 0.70341957 -116.00561523 -14.06470203 546.31677246
-0.46840930 0.82130611 0.32565209 -0.54112595 -0.55805522 0.62909216 0.69840890 0.11845379 0.70582831 -116.60806274 -13.76175117 551.18878174
-0.44792160 0.83751714 0.31293899 -0.55474502 -0.53483391 0.63734692 0.70115948 0.11188012 0.70417213 -117.31582642 -13.56849766 555.61981201
-0.42920783 0.84799230 0.31094927 -0.56537992 -0.52072805 0.63967794 0.70436198 0.09875027 0.70293850 -117.52715302 -13.62572002 559.49249268
-0.41619909 0.85213464 0.31724590 -0.56964993 -0.51630235 0.63947713 0.70871502 0.08543064 0.70030302 -117.86744690 -13.99313927 563.28973389
-0.38092673 0.86309397 0.33160859 -0.55822039 -0.50058872 0.66166592 0.73707956 0.06693585 0.67248392 -119.82450867 -14.68365002 569.46356201
-0.34847784 0.86994267 0.34894514 -0.53531677 -0.49030975 0.68777299 0.76941442 0.05287752 0.63655728 -122.16177368 -15.61436367 575.05065918
-0.32199246 0.87513316 0.36119589 -0.51266021 -0.48190996 0.71059287 0.79592788 0.04363493 0.60381740 -124.57125854 -16.29992104 579.33624268
-0.30389404 0.87844419 0.36875948 -0.49229762 -0.47617680 0.72862816 0.81565446 0.03988644 0.57716298 -127.43904877 -16.70872307 582.66906738
-0.28847995 0.88100791 0.37497231 -0.47291595 -0.47162274 0.74425930 0.83254397 0.03737358 0.55269670 -130.20753479 -16.66075706 584.71240234
-0.26649979 0.88479429 0.38225180 -0.45794275 -0.46520790 0.75754195 0.84809572 0.02683533 0.52916324 -132.72669983 -16.06969643 585.93847656
-0.24653022 0.88891739 0.38606894 -0.44617158 -0.45773998 0.76902884 0.86032206 0.01733584 0.50945622 -135.09835815 -14.88916874 586.72875977
-0.22833683 0.89205706 0.38999557 -0.43506420 -0.45184985 0.77881378 0.87096572 0.00815878 0.49127597 -137.23710632 -13.25780296 586.65960693
-0.21665144 0.89441967 0.39124769 -0.42225611 -0.44719234 0.78849137 0.88020563 0.00562107 0.47455907 -139.22360229 -11.44318962 586.23767090
-0.21088240 0.89610136 0.39055228 -0.40683606 -0.44374818 0.79848063 0.88882625 0.00949469 0.45814559 -141.12719727 -9.52351093 585.18566895
-0.21056303 0.89835328 0.38551903 -0.39042079 -0.43882322 0.80932367 0.89623332 0.01989884 0.44313613 -143.10403442 -7.64167023 584.22302246
-0.21256185 0.90105933 0.37803456 -0.37789002 -0.43257666 0.81858230 0.90111977 0.03114424 0.43245065 -145.47233582 -5.85683584 583.16931152
-0.21658041 0.90255243 0.37214565 -0.36480618 -0.42839989 0.82667422 0.90554374 0.04328039 0.42203960 -148.14089966 -4.34718847 582.00201416
-0.22235115 0.90478724 0.36320829 -0.35278064 -0.42195523 0.83516443 0.90890366 0.05756673 0.41301334 -150.78288269 -3.00152302 580.80255127
-0.21635216 0.90730715 0.36053520 -0.34783110 -0.41668200 0.83987486 0.91225302 0.05630350 0.40573958 -153.06005859 -1.67248666 579.13751221
-0.21182793 0.91149956 0.35255843 -0.34237483 -0.40709600 0.84678942 0.91537338 0.05866669 0.39830866 -155.19706726 0.08225208 577.41131592
-0.21462645 0.91640681 0.33783811 -0.34144467 -0.39447322 0.85311556 0.91506875 0.06774811 0.39756662 -157.30828857 0.95655233 575.81512451
-0.21853803 0.92585355 0.30828112 -0.34655190 -0.36896005 0.86242145 0.91221881 0.08163640 0.40148768 -158.60395813 0.86907667 574.00323486
-0.21263967 0.93645573 0.27898875 -0.35578638 -0.34012088 0.87047935 0.91005534 0.08583804 0.40550098 -159.34800720 -0.12558012 572.57360840
-0.19917311 0.94691712 0.25234553 -0.37444532 -0.31150341 0.87335879 0.90560496 0.07945987 0.41661158 -159.31401062 -2.14608121 569.98944092
-0.17449443 0.95696539 0.23188271 -0.39609182 -0.28382063 0.87324536 0.90147829 0.06052946 0.42857105 -158.51683044 -5.42142916 565.79980469
-0.15145630 0.96611643 0.20900133 -0.42358127 -0.25447825 0.86937946 0.89310712 0.04314381 0.44777051 -157.49702454 -9.01613140 561.42187500
-0.12286102 0.97380853 0.19131863 -0.45014891 -0.22648959 0.86375296 0.88446146 0.01999960 0.46618477 -156.06660461 -13.01873207 556.75421143
-0.09264380 0.98042732 0.17372470 -0.47452077 -0.19686118 0.85794872 0.87535560 -0.00295232 0.48347062 -154.39936829 -16.56377220 552.12255859
-0.06491058 0.98424554 0.16445854 -0.49499953 -0.17485900 0.85111678 0.86646533 -0.02616050 0.49855152 -152.41564941 -19.91676521 547.32934570
-0.03544195 0.98747677 0.15373045 -0.51193267 -0.15005136 0.84581858 0.85829401 -0.04872214 0.51083994 -150.36672974 -23.26892662 543.07666016
-0.00678800 0.99111831 0.13281429 -0.52767652 -0.11637055 0.84143674 0.84941870 -0.06437131 0.52377909 -148.33638000 -25.59376335 538.25708008
0.01778818 0.99294996 0.11719470 -0.53914094 -0.08918657 0.83747995 0.84202778 -0.07808168 0.53375345 -146.71316528 -28.69277763 533.68066406
0.03718407 0.99400777 0.10278518 -0.55007732 -0.06551144 0.83253992 0.83428556 -0.08749700 0.54434538 -145.45039368 -32.62019348 528.91882324
0.06309149 0.99338084 0.09598656 -0.54702157 -0.04602259 0.83585256 0.83473736 -0.10524189 0.54049748 -144.47564697 -35.76401520 523.50183105
0.07948986 0.99079472 0.10957985 -0.53479707 -0.05038087 0.84347725 0.84123331 -0.12565081 0.52586895 -143.48202515 -38.40108109 517.94061279
0.07948682 0.98688596 0.14049125 -0.51864725 -0.07941552 0.85129178 0.85128540 -0.14053153 0.50553340 -142.78198242 -40.54504395 513.28350830
0.08388691 0.98003364 0.18026930 -0.50693274 -0.11377691 0.85444355 0.85789424 -0.16306055 0.48726648 -142.16575623 -42.58843994 509.77191162
0.09326172 0.96539366 0.24354990 -0.49988812 -0.16614738 0.85000420 0.86105388 -0.20102048 0.46709391 -141.69909668 -45.17771530 507.62686157
0.10845943 0.94731867 0.30136859 -0.49206626 -0.21225302 0.84428620 0.86377454 -0.23986393 0.44312313 -141.39646912 -48.17036057 508.71511841
0.12246446 0.92685592 0.35488144 -0.49048388 -0.25433406 0.83351046 0.86280233 -0.27613956 0.42346102 -141.92012024 -51.26935196 512.07824707
0.13452204 0.90235877 0.40945253 -0.49795344 -0.29568627 0.81523740 0.85670680 -0.31355581 0.40955633 -142.07261658 -54.30624771 515.74584961
0.14370722 0.87466854 0.46293014 -0.50684273 -0.33672521 0.79355383 0.84997606 -0.34867203 0.39492917 -143.04464722 -57.81940079 521.82324219
0.14238553 0.84470296 0.51594824 -0.51974493 -0.37980923 0.76525140 0.84237254 -0.37712234 0.38495100 -144.02937317 -61.23102570 528.59082031
0.14042820 0.81849879 0.55708200 -0.52636743 -0.41483817 0.74219048 0.83858019 -0.39745405 0.37257627 -144.89492798 -64.89710236 535.05914307
0.13840733 0.80225515 0.58071572 -0.53058952 -0.43504325 0.72746962 0.83625168 -0.40880865 0.36545524 -145.98439026 -69.04869843 542.09527588
0.13513118 0.78515041 0.60438341 -0.53623420 -0.45497602 0.71095020 0.83318198 -0.42016229 0.35954276 -147.14541626 -73.36701202 549.08477783
0.13412860 0.77000797 0.62377691 -0.53938025 -0.47132486 0.69779795 0.83131123 -0.43004772 0.35210881 -148.38505554 -77.23248291 555.47882080
0.13607690 0.76374191 0.63101637 -0.54274446 -0.47538346 0.69241548 0.82880133 -0.43670231 0.34982774 -149.68257141 -80.88739014 561.50469971
0.13998853 0.75372350 0.64210927 -0.54388905 -0.48336574 0.68596101 0.82739836 -0.44526288 0.34227645 -151.06835938 -83.92156219 567.54821777
0.14673148 0.74574405 0.64987320 -0.54233921 -0.48878479 0.68334305 0.82724720 -0.45271939 0.33272669 -152.32852173 -86.42797852 573.27581787
0.15453169 0.74177152 0.65260619 -0.53964120 -0.48993307 0.68465537 0.82759142 -0.45797440 0.32458025 -153.42622375 -88.58449554 578.51806641
0.16828077 0.73745084 0.65410131 -0.52950013 -0.49207810 0.69100612 0.83145148 -0.46262947 0.30767265 -154.35310364 -90.90185547 583.27447510
0.18516695 0.73250979 0.65508962 -0.51338226 -0.49631244 0.70008016 0.83794457 -0.46594304 0.28415698 -155.34181213 -93.25800323 587.25170898
0.19991387 0.72702622 0.65686154 -0.49821088 -0.50183564 0.70706910 0.84369427 -0.46860853 0.26188871 -156.40357971 -95.84559631 590.51477051
0.21303056 0.72142118 0.65891516 -0.48310259 -0.50841236 0.71283126 0.84925252 -0.47017854 0.24021320 -157.35917664 -98.53752899 593.22906494
0.22245036 0.71531612 0.66244906 -0.47216865 -0.51542783 0.71511590 0.85297853 -0.47186553 0.22309279 -158.18643188 -100.88533020 595.51849365
0.22933055 0.70956057 0.66628188 -0.46406585 -0.52200973 0.71564591 0.85559964 -0.47331807 0.20957002 -158.76899719 -103.12008667 597.47247314
0.23280790 0.70164657 0.67341816 -0.45935684 -0.53099829 0.71206164 0.85720003 -0.47511280 0.19868577 -159.40911865 -105.30326080 599.05163574
0.23481695 0.69104761 0.68360364 -0.45480978 -0.54342842 0.70557296 0.85907459 -0.47658998 0.18668893 -160.06460571 -107.31687927 600.34686279
0.23340948 0.68116575 0.69392622 -0.45434061 -0.55454814 0.69717348 0.85970616 -0.47800574 0.18004440 -160.93226624 -109.41612244 601.31793213
0.23127908 0.67084801 0.70460844 -0.45449191 -0.56585705 0.68792665 0.86020213 -0.47934207 0.17402390 -162.10404968 -111.45603180 601.98358154
0.22823051 0.66014826 0.71562231 -0.45560426 -0.57716060 0.67772424 0.86042738 -0.48071772 0.16904058 -163.28880310 -113.25263214 602.47882080
0.22402082 0.64850760 0.72749716 -0.45810041 -0.58879501 0.66593081 0.86020845 -0.48244938 0.16517915 -164.38905334 -114.62174988 602.89080811
0.21967825 0.63722438 0.73870587 -0.46087193 -0.59959579 0.65427977 0.85984790 -0.48417985 0.16196106 -165.43983459 -115.71757507 603.21704102
0.21502857 0.62593806 0.74964273 -0.46414724 -0.60986513 0.64236385 0.85926116 -0.48607135 0.15938887 -166.49058533 -116.45800781 603.47186279
0.20927419 0.61342061 0.76152462 -0.46836451 -0.62074876 0.62873387 0.85839325 -0.48824868 0.15739758 -167.46612549 -117.04425049 603.67449951
0.20727307 0.60701793 0.76718116 -0.47007513 -0.62594622 0.62227058 0.85794371 -0.48961279 0.15560213 -168.04383850 -117.15731049 603.81842041
0.20371236 0.59801435 0.77516526 -0.47228217 -0.63352519 0.61285847 0.85758466 -0.49094355 0.15337420 -168.64259338 -117.63234711 603.87036133
0.20017029 0.58962107 0.78248227 -0.47485080 -0.64019501 0.60387683 0.85699993 -0.49244073 0.15183395 -168.96665955 -117.80834198 603.97784424
0.19437546 0.57789159 0.79262853 -0.47905895 -0.64919919 0.59079874 0.85599154 -0.49455261 0.15065560 -169.15931702 -118.11619568 604.03356934
0.18683815 0.56366438 0.80459589 -0.48410851 -0.65984052 0.57467264 0.85482764 -0.49688256 0.14959134 -169.07368469 -118.89432526 604.05493164
0.17601572 0.54348278 0.82075894 -0.49158612 -0.67383939 0.55161971 0.85285527 -0.50056738 0.14856201 -168.80690002 -119.59810638 604.11853027
0.16447942 0.52160329 0.83718407 -0.49932301 -0.68793184 0.52671325 0.85066032 -0.50465834 0.14729773 -168.00750732 -120.48650360 604.31768799
0.15347531 0.50143933 0.85147166 -0.50608194 -0.70020759 0.50357819 0.84872061 -0.50820118 0.14630470 -166.89622498 -121.47769165 604.59051514
0.14142177 0.47782376 0.86699748 -0.51353258 -0.71333641 0.47690251 0.84633565 -0.51267564 0.14449690 -165.42652893 -122.50320435 604.95312500
0.12892251 0.45376879 0.88174391 -0.52043277 -0.72591203 0.44966778 0.84411383 -0.51686078 0.14257000 -163.97502136 -123.67743683 605.26983643
0.11815857 0.43317619 0.89353061 -0.52571601 -0.73609167 0.42637053 0.84241426 -0.52012283 0.14075212 -162.75090027 -124.89289856 605.50067139
0.10786328 0.41370505 0.90399903 -0.53027302 -0.74521452 0.40430996 0.84093797 -0.52297628 0.13899514 -161.69613647 -126.06960297 605.67633057
0.09849444 0.39600644 0.91294992 -0.53411567 -0.75303483 0.38426426 0.83965415 -0.52546865 0.13734351 -160.76473999 -127.13285828 605.82861328
0.09072839 0.38129559 0.91998982 -0.53715688 -0.75915956 0.36761230 0.83858830 -0.52753192 0.13593842 -159.91383362 -128.02795410 605.98077393
0.08342630 0.36737952 0.92632180 -0.53999698 -0.76458609 0.35186821 0.83752203 -0.52956611 0.13459754 -159.23361206 -128.67716980 606.11651611
0.07720904 0.35549805 0.93148261 -0.54239011 -0.76894790 0.33842504 0.83657163 -0.53135675 0.13344882 -158.69697571 -129.13374329 606.23303223
0.07252078 0.34640610 0.93527704 -0.54428381 -0.77205455 0.32815543 0.83576077 -0.53285462 0.13255335 -158.28121948 -129.37652588 606.34265137
0.06916392 0.33974665 0.93796980 -0.54557568 -0.77427942 0.32068488 0.83520311 -0.53391379 0.13180515 -158.01246643 -129.59803772 606.40716553
0.06265765 0.32746419 0.94278371 -0.54797435 -0.77823043 0.30672714 0.83414555 -0.53584033 0.13067988 -157.75933838 -129.67153931 606.49084473
0.05750357 0.31737170 0.94655603 -0.54999924 -0.78120023 0.29534197 0.83318323 -0.53758848 0.12963223 -157.63464355 -129.56440735 606.56030273
0.05257815 0.30731139 0.95015502 -0.55159223 -0.78421724 0.28416452 0.83245534 -0.53903919 0.12827814 -157.71673584 -129.66517639 606.54406738
0.04941863 0.30005339 0.95264161 -0.55298120 -0.78605789 0.27627084 0.83172679 -0.54044557 0.12707821 -157.74182129 -129.54663086 606.57391357
0.04571018 0.29188129 0.95536131 -0.55446637 -0.78810543 0.26731139 0.83094954 -0.54193503 0.12581395 -157.81221008 -129.44044495 606.57769775
0.04279670 0.28479484 0.95763248 -0.55563086 -0.78982258 0.25972036 0.83032751 -0.54320556 0.12443876 -157.72911072 -129.60939026 606.58001709
0.03962502 0.27629051 0.96025646 -0.55663085 -0.79198456 0.25084364 0.82981437 -0.54444826 0.12240946 -157.59719849 -130.17723083 606.52398682
0.03624069 0.26573652 0.96336478 -0.55805194 -0.79431194 0.24009807 0.82901430 -0.54630870 0.11950827 -157.47106934 -130.65242004 606.48034668
0.03310478 0.25519606 0.96632278 -0.55962437 -0.79634166 0.22947791 0.82808518 -0.54837459 0.11645111 -157.44418335 -130.89138794 606.44433594
0.03089667 0.24502049 0.96902543 -0.56139773 -0.79786640 0.21964207 0.82696909 -0.55079490 0.11290261 -157.47763062 -130.99421692 606.41345215
0.02795196 0.23384365 0.97187239 -0.56340498 -0.79942441 0.20855488 0.82570767 -0.55338734 0.10940326 -157.44384766 -130.94398499 606.43115234
0.02483118 0.22306238 0.97448778 -0.56526715 -0.80086130 0.19772263 0.82453430 -0.55575567 0.10620343 -157.35868835 -130.91824341 606.46520996
0.02089341 0.21208525 0.97702754 -0.56695676 -0.80240303 0.18630339 0.82348251 -0.55782497 0.10347851 -157.25367737 -130.91098022 606.50225830
0.01453410 0.19670364 0.98035496 -0.56883454 -0.80471241 0.16989514 0.82232332 -0.56012917 0.10019644 -157.28656006 -130.92715454 606.48651123
0.00918720 0.18221398 0.98321599 -0.57100880 -0.80622548 0.15474926 0.82089216 -0.56284690 0.09663912 -157.33802795 -130.52359009 606.53045654
0.00232767 0.16675146 0.98599648 -0.57314289 -0.80775881 0.13796103 0.81945258 -0.56543791 0.09369195 -157.27523804 -130.12098694 606.60827637
-0.00217149 0.15233614 0.98832613 -0.57613498 -0.80800402 0.12327615 0.81735170 -0.56914157 0.08952073 -157.33496094 -129.02622986 606.74102783
-0.00626796 0.13744129 0.99049026 -0.57908803 -0.80801868 0.10845676 0.81524104 -0.57290101 0.08465509 -157.55250549 -127.74702454 606.84277344
-0.00838190 0.12596473 0.99199867 -0.58188999 -0.80738872 0.09760651 0.81322426 -0.57641613 0.08006543 -158.06311035 -126.09973145 606.90527344
-0.01409670 0.10866900 0.99397814 -0.58463699 -0.80734372 0.07997327 0.81117254 -0.57998919 0.07491247 -158.76269531 -124.34702301 606.89770508
-0.02576516 0.07992402 0.99646795 -0.58657336 -0.80837137 0.04967083 0.80948633 -0.58322203 0.06770909 -160.12458801 -122.95587921 606.63500977
-0.03723384 0.04791202 0.99815732 -0.58798605 -0.80869538 0.01688413 0.80801356 -0.58627361 0.05828236 -161.55841064 -122.72311401 606.21429443
-0.04814187 0.01533626 0.99872255 -0.59010381 -0.80716795 -0.01605029 0.80589056 -0.59012276 0.04790858 -162.81436157 -122.08901978 605.89978027
-0.05919503 -0.01920364 0.99806160 -0.59179151 -0.80450255 -0.05057859 0.80391479 -0.59363860 0.03625795 -164.42539978 -121.54513550 605.46240234
-0.07046150 -0.05274131 0.99611890 -0.59295851 -0.80080414 -0.08434348 0.80214447 -0.59660035 0.02515237 -166.06559753 -120.43447876 605.08007812
-0.08174766 -0.08450970 0.99306351 -0.59361154 -0.79625607 -0.11662658 0.80058908 -0.59902823 0.01492621 -167.66174316 -118.80928040 604.76702881
-0.09428972 -0.12021773 0.98825967 -0.59373492 -0.79002827 -0.15275186 0.79911727 -0.60116756 0.00311383 -169.19590759 -117.98229980 604.37432861
-0.10651693 -0.15650299 0.98191720 -0.59471750 -0.78138793 -0.18905598 0.79684663 -0.60410118 -0.00984399 -170.55329895 -116.55976105 604.10021973
-0.11898197 -0.19158781 0.97423691 -0.59399217 -0.77252048 -0.22446302 0.79562300 -0.60539633 -0.02188541 -171.93833923 -115.74265289 603.75775146
-0.13033259 -0.22370856 0.96590281 -0.59386617 -0.76250398 -0.25673264 0.79393715 -0.60707754 -0.03347378 -172.96571350 -114.95359039 603.53491211
-0.14094864 -0.25536135 0.95651650 -0.59332824 -0.75163913 -0.28809631 0.79252422 -0.60813487 -0.04557066 -174.00421143 -114.86983490 603.23846436
-0.15064433 -0.28289533 0.94724715 -0.59205240 -0.74152756 -0.31561333 0.79169458 -0.60836512 -0.05578198 -174.86392212 -114.40863800 603.02813721
-0.16135009 -0.31255394 0.93609625 -0.59076506 -0.72921884 -0.34530666 0.79054654 -0.60872817 -0.06698667 -175.48179626 -113.62496948 602.92700195
-0.17386012 -0.33673298 0.92540932 -0.58967376 -0.71702802 -0.37169248 0.78870595 -0.61031240 -0.07389986 -175.68399048 -111.96752167 602.99346924
-0.18428616 -0.35715970 0.91568303 -0.58570266 -0.70824927 -0.39412639 0.78929818 -0.60895020 -0.07866876 -176.69995117 -111.23120117 602.72485352
-0.19267735 -0.37137708 0.90827018 -0.57755738 -0.70537716 -0.41093853 0.79328614 -0.60375667 -0.07858147 -178.48069763 -110.55288696 602.20928955
-0.19879389 -0.38344261 0.90191591 -0.56960821 -0.70367980 -0.42471293 0.79751301 -0.59816903 -0.07852516 -180.53761292 -110.45708466 601.54815674
-0.20311825 -0.39446977 0.89617860 -0.56046849 -0.70364827 -0.43675387 0.80288094 -0.59099275 -0.07816416 -183.18618774 -110.69319916 600.65405273
-0.20690072 -0.40620589 0.89004993 -0.55359900 -0.70148098 -0.44883493 0.80667251 -0.58559495 -0.07973821 -185.54885864 -110.62522888 599.88500977
-0.20962216 -0.41581541 0.88496107 -0.54841548 -0.69930732 -0.45848644 0.80950534 -0.58143520 -0.08144961 -187.75741577 -109.93453979 599.23870850
-0.21157609 -0.42625228 0.87951428 -0.54491526 -0.69559687 -0.46820220 0.81135887 -0.57832092 -0.08509961 -189.96812439 -109.50913239 598.57641602
-0.21149290 -0.43325400 0.87610656 -0.54198611 -0.69394982 -0.47400931 0.81333983 -0.57508689 -0.08805239 -192.29634094 -109.49269104 597.84063721
-0.21188471 -0.44218862 0.87153524 -0.53907716 -0.69096184 -0.48163018 0.81516927 -0.57187474 -0.09196976 -194.51748657 -109.66140747 597.10662842
-0.21365950 -0.45556322 0.86418289 -0.53491968 -0.68565238 -0.49370188 0.81744152 -0.56775248 -0.09719339 -196.85327148 -109.64096832 596.30987549
-0.21527304 -0.46872446 0.85671133 -0.53143489 -0.67977309 -0.50545567 0.81928891 -0.56409746 -0.10275955 -199.02902222 -109.27555847 595.59075928
-0.21632397 -0.48099521 0.84961575 -0.52781498 -0.67447531 -0.51623112 0.82135004 -0.56011337 -0.10797131 -201.22528076 -108.90094757 594.85955811
-0.21769103 -0.49450043 0.84147459 -0.52530205 -0.66726869 -0.52802408 0.82259834 -0.55697447 -0.11450417 -203.32949829 -108.52577209 594.15008545
-0.22047910 -0.50843883 0.83239424 -0.52448994 -0.65771586 -0.54066658 0.82237464 -0.55578756 -0.12165836 -205.11618042 -107.94735718 593.55096436
-0.22396667 -0.52304852 0.82235020 -0.52261728 -0.64775443 -0.55433309 0.82262355 -0.55392647 -0.12827873 -206.75466919 -107.37940979 592.99377441
-0.22814676 -0.54196626 0.80883968 -0.52184588 -0.63327456 -0.57152367 0.82196444 -0.55248094 -0.13834342 -208.52398682 -107.25898743 592.35870361
-0.23394577 -0.56039262 0.79449987 -0.52265823 -0.61656672 -0.58878988 0.81981540 -0.55299664 -0.14865048 -210.10009766 -107.03919983 591.75195312
-0.23909830 -0.57598871 0.78170925 -0.52369845 -0.60143381 -0.60333818 0.81766248 -0.55363667 -0.15784274 -211.59226990 -106.44435883 591.19915771
-0.24314813 -0.58921939 0.77051872 -0.52437317 -0.58843255 -0.61545080 0.81603384 -0.55368513 -0.16589472 -213.12142944 -106.22962952 590.60681152
-0.24892509 -0.60773629 0.75411803 -0.52690142 -0.56834561 -0.63194776 0.81265736 -0.55465305 -0.17874150 -214.90916443 -106.83761597 589.84057617
-0.25461021 -0.62488687 0.73803151 -0.52954358 -0.54849887 -0.64709586 0.80917084 -0.55557710 -0.19125165 -216.46388245 -107.34643555 589.17242432
-0.26080507 -0.64179748 0.72116363 -0.53262252 -0.52737564 -0.66195744 0.80516726 -0.55674958 -0.20429355 -217.75741577 -107.75843048 588.61163330
-0.26705179 -0.65678579 0.70520544 -0.53510904 -0.50753582 -0.67532617 0.80146205 -0.55770928 -0.21591353 -218.65606689 -108.38787079 588.17675781
-0.27239570 -0.66867447 0.69186348 -0.53649437 -0.49135244 -0.68610924 0.79873306 -0.55807430 -0.22489795 -219.29389954 -109.23892212 587.81201172
-0.27754137 -0.67916799 0.67948657 -0.53740519 -0.47651228 -0.69579589 0.79634577 -0.55827165 -0.23273635 -219.71594238 -110.28971100 587.50378418
-0.28341419 -0.69002169 0.66599250 -0.53846246 -0.46016297 -0.70590961 0.79355860 -0.55867672 -0.24113446 -219.92289734 -111.49555206 587.25665283
-0.28945303 -0.70030314 0.65252739 -0.53925067 -0.44392869 -0.71563637 0.79083848 -0.55901915 -0.24914262 -219.96023560 -112.89217377 587.04656982
-0.29501280 -0.70928270 0.64022410 -0.53979379 -0.42915908 -0.72418648 0.78841025 -0.55923265 -0.25625899 -219.93472290 -114.23147583 586.86859131
-0.30060163 -0.71761584 0.62822527 -0.54046696 -0.41455218 -0.73214930 0.78583336 -0.55962014 -0.26323271 -219.76284790 -115.34117889 586.77899170
-0.30617997 -0.72560513 0.61623985 -0.54130203 -0.39979824 -0.73969847 0.78309995 -0.56005257 -0.27036142 -219.54891968 -116.28296661 586.72747803
-0.31137663 -0.73270339 0.60513622 -0.54194254 -0.38617063 -0.74643838 0.78060389 -0.56037247 -0.27683860 -219.30963135 -117.19835663 586.68823242
-0.31645155 -0.73958480 0.59403050 -0.54274946 -0.37242320 -0.75281042 0.77799833 -0.56063801 -0.28355515 -219.11274719 -117.97566986 586.65112305
-0.32122242 -0.74573088 0.58369702 -0.54336858 -0.35967016 -0.75854349 0.77560747 -0.56082338 -0.28967258 -218.88920593 -118.75045776 586.62396240
-0.32563031 -0.75130540 0.57402515 -0.54393500 -0.34773239 -0.76368600 0.77336901 -0.56091166 -0.29542899 -218.69804382 -119.45431519 586.59338379
-0.32916966 -0.75578821 0.56606686 -0.54435152 -0.33795685 -0.76776737 0.77157563 -0.56086498 -0.30016932 -218.57888794 -120.02964783 586.55352783
-0.33245361 -0.75983346 0.55868405 -0.54459596 -0.32897282 -0.77148718 0.76999342 -0.56074053 -0.30443424 -218.45829773 -120.66168213 586.50445557
-0.33890224 -0.76375538 0.54938388 -0.54487485 -0.31670678 -0.77640736 0.76697916 -0.56247169 -0.30881834 -218.27584839 -121.40401459 586.45965576
-0.34531417 -0.76846892 0.53871423 -0.54517984 -0.30297786 -0.78165370 0.76389599 -0.56361252 -0.31433120 -217.96836853 -122.30390930 586.43981934
-0.35094905 -0.77287954 0.52867091 -0.54566777 -0.29001692 -0.78621680 0.76097399 -0.56440037 -0.31995392 -217.72308350 -122.94682312 586.43762207
-0.35853222 -0.77703989 0.51736248 -0.54597682 -0.27499375 -0.79138356 0.75720781 -0.56620401 -0.32565176 -217.47317505 -123.53038788 586.44506836
-0.36468413 -0.78154808 0.50615108 -0.54671049 -0.26029950 -0.79583466 0.75373316 -0.56694621 -0.33235353 -217.27909851 -123.78295898 586.48406982
-0.37104523 -0.78618121 0.49421161 -0.54730171 -0.24480376 -0.80033261 0.75019079 -0.56744224 -0.33944473 -217.04980469 -124.11654663 586.52197266
-0.37749395 -0.79068398 0.48199406 -0.54790777 -0.22889951 -0.80461335 0.74652213 -0.56782472 -0.34681338 -216.92074585 -124.26063538 586.54962158
-0.38345289 -0.79501700 0.47001275 -0.54863334 -0.21330550 -0.80839473 0.74294358 -0.56784618 -0.35437986 -216.79689026 -124.30127716 586.59118652
-0.38775122 -0.79937661 0.45896143 -0.54935682 -0.19941461 -0.81144375 0.74017286 -0.56677204 -0.36182010 -216.66639709 -124.39207458 586.62933350
-0.39311236 -0.80250949 0.44882226 -0.54904127 -0.18667945 -0.81468064 0.73757470 -0.56668288 -0.36722472 -216.51570129 -124.66520691 586.65081787
-0.39848718 -0.80467331 0.44012460 -0.54799426 -0.17591509 -0.81777543 0.73546678 -0.56705856 -0.37085697 -216.35638428 -125.21971130 586.63134766
-0.40370291 -0.80624908 0.43242019 -0.54704010 -0.16612743 -0.82045645 0.73332870 -0.56777173 -0.37398431 -216.22334290 -125.49964142 586.64685059
-0.40857899 -0.80707139 0.42626137 -0.54565525 -0.15838698 -0.82290596 0.73165798 -0.56881368 -0.37566924 -216.14564514 -125.83020020 586.63262939
-0.41288829 -0.80767041 0.42094186 -0.54448915 -0.15160200 -0.82495373 0.73010612 -0.56981200 -0.37717286 -216.15916443 -126.06796265 586.59552002
-0.41690513 -0.80835468 0.41563556 -0.54345483 -0.14485905 -0.82684505 0.72859251 -0.57059515 -0.37891170 -216.19450378 -126.22367859 586.56329346
-0.42132527 -0.80852515 0.41081887 -0.54183614 -0.13883761 -0.82893765 0.72725409 -0.57184881 -0.37959236 -216.22972107 -126.48331451 586.51525879
-0.42575264 -0.80820298 0.40686923 -0.54013193 -0.13375171 -0.83088410 0.72594261 -0.57351422 -0.37959200 -216.33671570 -126.70169067 586.44219971
-0.43111485 -0.80717319 0.40325254 -0.53802782 -0.12880547 -0.83302826 0.72433847 -0.57609153 -0.37875113 -216.49615479 -126.91172028 586.34753418
-0.43666103 -0.80604869 0.39951545 -0.53574616 -0.12376370 -0.83525985 0.72270566 -0.57876408 -0.37779453 -216.84400940 -127.07848358 586.18078613
-0.44240153 -0.80408907 0.39714199 -0.53296900 -0.12042029 -0.83752233 0.72126639 -0.58218563 -0.37528005 -217.06703186 -127.40518951 586.03955078
-0.44740409 -0.80226451 0.39522210 -0.53019661 -0.11795165 -0.83963013 0.72022289 -0.58519977 -0.37258595 -217.44895935 -127.83074951 585.81188965
-0.45349568 -0.79980415 0.39326090 -0.52713919 -0.11509143 -0.84194911 0.71865565 -0.58912402 -0.36941454 -217.80577087 -128.19853210 585.60278320
-0.45989060 -0.79683155 0.39186803 -0.52336597 -0.11327273 -0.84454554 0.71734846 -0.59348881 -0.36494148 -218.16433716 -128.70092773 585.36944580
-0.46519071 -0.79426920 0.39081159 -0.52028120 -0.11185855 -0.84663755 0.71617383 -0.59718031 -0.36120766 -218.46966553 -129.04589844 585.18469238
-0.47192577 -0.79103827 0.38928628 -0.51675904 -0.10956229 -0.84909135 0.71431506 -0.60187560 -0.35707113 -218.50244141 -129.21432495 585.14752197
-0.47888631 -0.78732198 0.38832012 -0.51303524 -0.10794786 -0.85155278 0.71236438 -0.60701865 -0.35222906 -218.54968262 -129.20581055 585.13458252
-0.48695281 -0.78304440 0.38693437 -0.50862712 -0.10591731 -0.85444725 0.71005338 -0.61288106 -0.34670085 -218.66007996 -129.11596680 585.10815430
-0.49427971 -0.77910388 0.38559583 -0.50483394 -0.10384547 -0.85694718 0.70769352 -0.61823386 -0.34198943 -218.72203064 -128.87638855 585.12768555
-0.49981350 -0.77545071 0.38582790 -0.50177211 -0.10385499 -0.85874259 0.70598203 -0.62280846 -0.33719152 -218.78552246 -128.58297729 585.15570068
-0.50548553 -0.77157629 0.38620582 -0.49838838 -0.10428432 -0.86065930 0.70434034 -0.62753159 -0.33182994 -218.80825806 -128.37521362 585.18621826
-0.51234543 -0.76722902 0.38582584 -0.49430877 -0.10392057 -0.86305273 0.70225418 -0.63289839 -0.32600451 -218.56604004 -128.15428162 585.32983398
-0.51761776 -0.76332146 0.38653889 -0.49140021 -0.10461532 -0.86462849 0.70042711 -0.63749230 -0.32094544 -218.27986145 -127.76586151 585.52050781
-0.52239597 -0.75959921 0.38744187 -0.48888800 -0.10546526 -0.86594772 0.69863516 -0.64178365 -0.31626397 -217.96797180 -127.27595520 585.73809814
-0.52578527 -0.75641006 0.38909248 -0.48721379 -0.10715175 -0.86668366 0.69726068 -0.64526111 -0.31219465 -217.75799561 -126.72586060 585.92382812
-0.52858990 -0.75346881 0.39099479 -0.48563477 -0.10936861 -0.86729282 0.69624066 -0.64832318 -0.30809861 -217.69076538 -126.20937347 586.04449463
-0.52979708 -0.75134468 0.39344180 -0.48503730 -0.11213353 -0.86727458 0.69574022 -0.65031308 -0.30502221 -217.73497009 -125.71553040 586.11425781
-0.53063571 -0.74953204 0.39576155 -0.48435965 -0.11502521 -0.86727428 0.69557232 -0.65189743 -0.30200702 -217.97998047 -125.28150940 586.08593750
-0.53125000 -0.74782485 0.39815968 -0.48368633 -0.11812791 -0.86723280 0.69557214 -0.65330201 -0.29895765 -218.31312561 -124.77677917 586.02191162
-0.53187221 -0.74620378 0.40036529 -0.48277822 -0.12123303 -0.86731070 0.69572800 -0.65458691 -0.29576987 -218.67320251 -124.37058258 585.92779541
-0.53161633 -0.74452412 0.40381733 -0.48192140 -0.12618165 -0.86708146 0.69651741 -0.65556341 -0.29172164 -219.17887878 -123.98366547 585.76513672
-0.53082031 -0.74285543 0.40791649 -0.48114848 -0.13207144 -0.86663342 0.69765711 -0.65629458 -0.28731740 -219.72810364 -123.63128662 585.57586670
-0.52993637 -0.74125504 0.41195625 -0.48047405 -0.13784491 -0.86610806 0.69879341 -0.65691608 -0.28310478 -220.18533325 -123.25009155 585.42291260
-0.52885354 -0.73972178 0.41608369 -0.47987786 -0.14373890 -0.86548054 0.70002216 -0.65738136 -0.27895916 -220.60035706 -122.88724518 585.28118896
-0.52775508 -0.73816872 0.42021552 -0.47915956 -0.14975917 -0.86485732 0.70134169 -0.65778345 -0.27466452 -220.89442444 -122.63748932 585.16870117
-0.52643365 -0.73674476 0.42435154 -0.47844419 -0.15587987 -0.86417162 0.70282209 -0.65795761 -0.27043092 -221.16302490 -122.48690033 585.04876709
-0.52527481 -0.73535770 0.42817703 -0.47783116 -0.16146107 -0.86348605 0.70410496 -0.65816325 -0.26656553 -221.32804871 -122.28311920 584.97857666
-0.52418405 -0.73404372 0.43175364 -0.47722346 -0.16671264 -0.86282372 0.70532864 -0.65832120 -0.26291439 -221.41615295 -122.09784698 584.93438721
-0.52282751 -0.73256391 0.43589097 -0.47668427 -0.17267111 -0.86194938 0.70669901 -0.65843314 -0.25892445 -221.53964233 -121.85212708 584.88287354
-0.52140641 -0.73108882 0.44005024 -0.47635788 -0.17847876 -0.86094630 0.70796794 -0.65852445 -0.25520000 -221.61015320 -121.54606628 584.86480713
-0.52004457 -0.72943598 0.44438368 -0.47593176 -0.18455417 -0.85990053 0.70925516 -0.65868306 -0.25118527 -221.64311218 -121.24641418 584.86041260
-0.51852393 -0.72738945 0.44948593 -0.47574231 -0.19137692 -0.85851288 0.71049392 -0.65899897 -0.24681635 -221.66506958 -120.78507996 584.89105225
-0.51718301 -0.72573096 0.45369312 -0.47547317 -0.19713962 -0.85735732 0.71165180 -0.65912884 -0.24310815 -221.65846252 -120.48656464 584.91027832
-0.51583195 -0.72445405 0.45725664 -0.47534892 -0.20200746 -0.85629219 0.71271396 -0.65905941 -0.24016660 -221.67347717 -120.25952148 584.91448975
-0.51454788 -0.72347462 0.46024406 -0.47539386 -0.20600639 -0.85531396 0.71361142 -0.65889716 -0.23793516 -221.67248535 -120.05842590 584.92602539
-0.51336175 -0.72288430 0.46249169 -0.47555360 -0.20898190 -0.85450345 0.71435916 -0.65860868 -0.23648697 -221.67784119 -119.88342285 584.93157959
-0.51245737 -0.72303045 0.46326485 -0.47565803 -0.21015289 -0.85415804 0.71493870 -0.65807486 -0.23622070 -221.72628784 -119.88316345 584.89331055
-0.51178187 -0.72288895 0.46423149 -0.47557154 -0.21163690 -0.85383934 0.71547979 -0.65775484 -0.23547372 -221.64025879 -119.90398407 584.90521240
-0.51087743 -0.72259307 0.46568576 -0.47555107 -0.21372430 -0.85333043 0.71613842 -0.65740514 -0.23444238 -221.61994934 -119.88330841 584.89831543
-0.50988036 -0.72198981 0.46771041 -0.47567058 -0.21639000 -0.85259223 0.71677077 -0.65719616 -0.23309682 -221.50929260 -119.73188782 584.94689941
-0.50850815 -0.71998775 0.47226888 -0.47598761 -0.22200759 -0.85096902 0.71753389 -0.65751880 -0.22981212 -221.30763245 -119.33580780 585.08551025
-0.50754648 -0.71875304 0.47517511 -0.47634900 -0.22547482 -0.84985441 0.71797484 -0.65769035 -0.22793809 -221.19355774 -118.97719574 585.18115234
-0.50727004 -0.71849388 0.47586027 -0.47611746 -0.22660041 -0.84968466 0.71832377 -0.65758467 -0.22714008 -221.12882996 -119.05904388 585.18762207
-0.50643110 -0.71719980 0.47869852 -0.47606298 -0.23032016 -0.84871483 0.71895194 -0.65770638 -0.22479129 -220.93237305 -118.94130707 585.27905273
-0.50499403 -0.71497041 0.48352697 -0.47657472 -0.23609614 -0.84683830 0.71962410 -0.65808457 -0.22150987 -220.74147034 -118.40669250 585.43634033
-0.50304484 -0.71099651 0.49135569 -0.47684669 -0.24583054 -0.84391052 0.72080821 -0.65882558 -0.21537273 -220.42277527 -117.81453705 585.66119385
-0.50116861 -0.70777535 0.49788034 -0.47843575 -0.25278637 -0.84095109 0.72106153 -0.65966195 -0.21193628 -220.30134583 -116.42270660 585.91613770
-0.50236636 -0.70771033 0.49676377 -0.48223025 -0.24755126 -0.84034079 0.71769208 -0.66171324 -0.21691784 -220.15820312 -114.60568237 586.22406006
-0.50294983 -0.70972687 0.49328384 -0.48709899 -0.23870772 -0.84009093 0.71398586 -0.66280180 -0.22564948 -220.52149963 -112.36660767 586.36596680
-0.50450587 -0.71164137 0.48891687 -0.49251595 -0.22789735 -0.83993512 0.70915568 -0.66455185 -0.23551910 -221.02789307 -109.60550690 586.49456787
-0.51011294 -0.71762800 0.47412622 -0.49822950 -0.20279707 -0.84299541 0.70110816 -0.66624618 -0.25409409 -221.76869202 -107.11778259 586.45538330
-0.51497817 -0.72538358 0.45674640 -0.50433636 -0.17445704 -0.84570080 0.69313985 -0.66587096 -0.27599549 -222.43936157 -105.33806610 586.37921143
-0.51900780 -0.73137814 0.44239968 -0.50905997 -0.15129314 -0.84733033 0.68665087 -0.66497856 -0.29379302 -222.78817749 -104.18083191 586.38378906
-0.52076280 -0.73458910 0.43495363 -0.51113915 -0.13978167 -0.84805530 0.68377084 -0.66395700 -0.30268392 -223.14590454 -104.14690399 586.25146484
-0.52602899 -0.74019831 0.41880861 -0.51333421 -0.11628521 -0.85027397 0.67807269 -0.66225708 -0.31879994 -223.68569946 -104.30410767 585.99975586
-0.52763790 -0.74365926 0.41057238 -0.51438463 -0.10493442 -0.85111552 0.67602307 -0.66027302 -0.32715911 -224.30505371 -104.88132477 585.66064453
-0.53123862 -0.74760360 0.39859077 -0.51524705 -0.08837419 -0.85247332 0.67253691 -0.65823972 -0.33825296 -224.70103455 -105.65079498 585.39636230
-0.53476399 -0.75104630 0.38724285 -0.51519918 -0.07344896 -0.85391736 0.66977429 -0.65615082 -0.34766072 -225.08955383 -106.93114471 585.06781006
-0.53721756 -0.75310117 0.37978426 -0.51397407 -0.06471504 -0.85536116 0.66875166 -0.65471447 -0.35230830 -225.27813721 -108.76354218 584.75183105
-0.53914142 -0.75453651 0.37416738 -0.51227081 -0.05884707 -0.85680556 0.66850948 -0.65361434 -0.35480002 -225.01885986 -110.97975159 584.56738281
-0.53986669 -0.75572979 0.37069684 -0.51026571 -0.05642590 -0.85816395 0.66945708 -0.65244812 -0.35516050 -225.23678589 -113.18393707 584.16827393
-0.54056901 -0.75629896 0.36850640 -0.50787121 -0.05584653 -0.85962087 0.67071015 -0.65183783 -0.35391369 -225.35371399 -115.28681183 583.81317139
-0.54103053 -0.75663215 0.36714259 -0.50547987 -0.05634028 -0.86099696 0.67214304 -0.65140879 -0.35198051 -225.55154419 -117.23946381 583.44219971
-0.54100847 -0.75710189 0.36620679 -0.50337481 -0.05732463 -0.86216444 0.67373896 -0.65077740 -0.35009280 -225.88317871 -119.02573395 583.03399658
-0.54055440 -0.75761306 0.36581826 -0.50169563 -0.05876925 -0.86304581 0.67535377 -0.65005261 -0.34832314 -226.29174805 -120.53999329 582.63220215
-0.53996736 -0.75809199 0.36569306 -0.50044310 -0.06017381 -0.86367577 0.67675138 -0.64936572 -0.34688988 -226.69964600 -121.73326111 582.27978516
-0.53963310 -0.75838572 0.36557728 -0.49939674 -0.06123940 -0.86420643 0.67778951 -0.64892262 -0.34568861 -226.98052979 -122.68587494 582.01983643
-0.53965789 -0.75883573 0.36460561 -0.49817637 -0.06128509 -0.86490738 0.67866755 -0.64839214 -0.34496108 -227.21409607 -123.73125458 581.76043701
-0.53968757 -0.75910777 0.36399567 -0.49689034 -0.06179971 -0.86561018 0.67958617 -0.64802492 -0.34384060 -227.37472534 -124.76918793 581.53210449
-0.53963351 -0.75932467 0.36362216 -0.49573863 -0.06250242 -0.86621976 0.68046951 -0.64770287 -0.34269819 -227.51321411 -125.70109558 581.32873535
-0.53932118 -0.75937903 0.36397359 -0.49498549 -0.06379846 -0.86655581 0.68126547 -0.64751357 -0.34147343 -227.65892029 -126.32816315 581.17199707
-0.53867978 -0.75907278 0.36555693 -0.49465054 -0.06629005 -0.86655974 0.68201536 -0.64762104 -0.33976650 -227.77265930 -126.60855865 581.08782959
-0.53809816 -0.75887793 0.36681646 -0.49447340 -0.06822601 -0.86651087 0.68260276 -0.64764887 -0.33853278 -227.90170288 -126.79013062 581.01153564
-0.53773755 -0.75852489 0.36807346 -0.49420053 -0.07012428 -0.86651492 0.68308413 -0.64786011 -0.33715487 -227.93855286 -126.96293640 580.97595215
-0.53744388 -0.75799471 0.36959219 -0.49372348 -0.07247732 -0.86659342 0.68366015 -0.64822215 -0.33528748 -227.88665771 -127.23223114 580.96295166
-0.53713560 -0.75719422 0.37167549 -0.49308187 -0.07564116 -0.86668843 0.68436551 -0.64879543 -0.33272928 -227.73228455 -127.57244110 580.98339844
-0.53725213 -0.75620365 0.37351793 -0.49239963 -0.07833366 -0.86683702 0.68476433 -0.64963049 -0.33026966 -227.41513062 -127.85899353 581.08361816
-0.53748989 -0.75505704 0.37549040 -0.49181068 -0.08102489 -0.86692393 0.68500143 -0.65063381 -0.32779497 -227.02508545 -128.04002380 581.23339844
-0.53752297 -0.75375819 0.37804449 -0.49161810 -0.08412433 -0.86673784 0.68511343 -0.65174544 -0.32534260 -226.69328308 -127.91802979 581.40911865
-0.53720921 -0.75266105 0.38066691 -0.49181044 -0.08712930 -0.86633211 0.68522185 -0.65261775 -0.32335961 -226.47750854 -127.62654877 581.56164551
-0.53664559 -0.75163525 0.38347831 -0.49216837 -0.09033120 -0.86580050 0.68540663 -0.65336430 -0.32145512 -226.42779541 -127.21013641 581.66101074
-0.53631943 -0.75064480 0.38586813 -0.49267057 -0.09278136 -0.86525559 0.68530095 -0.65415937 -0.32005987 -226.36267090 -126.63298035 581.78948975
-0.53675693 -0.74984944 0.38680556 -0.49277896 -0.09352326 -0.86511368 0.68488002 -0.65496546 -0.31931105 -226.16683960 -126.25907135 581.93713379
-0.53725302 -0.74865240 0.38843092 -0.49245805 -0.09544063 -0.86508751 0.68472201 -0.65605730 -0.31740391 -225.75552368 -126.10862732 582.14056396
-0.53766835 -0.74695623 0.39111203 -0.49168471 -0.09906289 -0.86511976 0.68495125 -0.65745103 -0.31400457 -225.19569397 -126.19231415 582.37091064
-0.53805959 -0.74494904 0.39438874 -0.49100527 -0.10330856 -0.86500943 0.68513173 -0.65907341 -0.31018761 -224.53337097 -126.19558716 582.66033936
-0.53928363 -0.74267322 0.39700082 -0.48981544 -0.10685305 -0.86525339 0.68502128 -0.66107410 -0.30614862 -223.89041138 -126.17590332 582.94451904
-0.54072779 -0.74045837 0.39916754 -0.48855594 -0.10985088 -0.86558968 0.68478215 -0.66306394 -0.30235627 -223.30184937 -126.13537598 583.20867920
-0.54290432 -0.73770094 0.40131366 -0.48645481 -0.11328662 -0.86633080 0.68455613 -0.66555530 -0.29735395 -222.72958374 -126.21323395 583.44683838
-0.54568225 -0.73476166 0.40293369 -0.48392436 -0.11625154 -0.86735380 0.68414032 -0.66828942 -0.29213265 -222.22061157 -126.27799225 583.65972900
-0.54803103 -0.73219204 0.40442124 -0.48183051 -0.11888327 -0.86816221 0.68374020 -0.67064220 -0.28764018 -221.76564026 -126.29360962 583.85638428
-0.55009329 -0.72949654 0.40648738 -0.47971809 -0.12239259 -0.86884427 0.68357003 -0.67294472 -0.28262573 -221.35317993 -126.35856628 584.02832031
-0.55278677 -0.72645307 0.40827972 -0.47680935 -0.12608585 -0.86991668 0.68343210 -0.67555016 -0.27668092 -220.97239685 -126.57510376 584.15985107
-0.55560517 -0.72268188 0.41113651 -0.47316441 -0.13177723 -0.87106276 0.68367982 -0.67850238 -0.26873115 -220.58189392 -126.96923828 584.26330566
-0.55924290 -0.71864128 0.41328180 -0.46869141 -0.13712019 -0.87265456 0.68379492 -0.68172765 -0.26013726 -220.00979614 -127.58591461 584.40551758
-0.56262493 -0.71454841 0.41578159 -0.46412987 -0.14318314 -0.87411821 0.68413234 -0.68477708 -0.25108460 -219.36134338 -128.43603516 584.53814697
-0.56618619 -0.71036202 0.41811380 -0.45975083 -0.14886290 -0.87548202 0.68415070 -0.68791389 -0.24230497 -218.54226685 -129.28346252 584.74133301
-0.56975055 -0.70625842 0.42021629 -0.45571810 -0.15399182 -0.87670213 0.68388873 -0.69100249 -0.23411806 -217.53538513 -130.19248962 585.00830078
-0.57248837 -0.70299906 0.42195940 -0.45292589 -0.15783827 -0.87746525 0.68345845 -0.69345486 -0.22804542 -216.78353882 -130.70358276 585.24127197
-0.57536846 -0.69961971 0.42365459 -0.45001039 -0.16173731 -0.87825489 0.68296510 -0.69596905 -0.22177768 -215.85719299 -131.38713074 585.51208496
-0.57753915 -0.69639856 0.42600220 -0.44728643 -0.16659762 -0.87873781 0.68292254 -0.69805074 -0.21527258 -215.07803345 -132.13230896 585.70983887
-0.57877636 -0.69401103 0.42821330 -0.44582579 -0.17039999 -0.87875110 0.68283051 -0.69950879 -0.21078436 -214.58959961 -132.47569275 585.86193848
-0.58005029 -0.69152737 0.43050006 -0.44446066 -0.17420705 -0.87869561 0.68263865 -0.70102829 -0.20630839 -214.05931091 -132.77900696 586.03765869
-0.58163208 -0.68870407 0.43288738 -0.44331855 -0.17781940 -0.87854952 0.68203610 -0.70289934 -0.20188993 -213.36343384 -132.97418213 586.30114746
-0.58278638 -0.68616712 0.43535596 -0.44252658 -0.18135828 -0.87822491 0.68156427 -0.70447409 -0.19795460 -212.77354431 -133.10691833 586.53118896
-0.58301842 -0.68432939 0.43792966 -0.44228142 -0.18482338 -0.87762606 0.68152493 -0.70536035 -0.19491062 -212.42276001 -133.21763611 586.66650391
-0.58298457 -0.68285418 0.44027156 -0.44240651 -0.18771191 -0.87695003 0.68147379 -0.70602709 -0.19266571 -212.05989075 -133.32266235 586.80657959
-0.58253366 -0.68158835 0.44282198 -0.44254330 -0.19100957 -0.87616813 0.68176967 -0.70636529 -0.19036293 -211.82745361 -133.48585510 586.88232422
-0.58235389 -0.68015754 0.44525281 -0.44254965 -0.19419432 -0.87546486 0.68191940 -0.70687664 -0.18791339 -211.48611450 -133.69076538 586.99414062
-0.58250004 -0.67849946 0.44758502 -0.44267875 -0.19701360 -0.87476927 0.68171102 -0.70768923 -0.18559670 -211.05471802 -133.75601196 587.16821289
-0.58311456 -0.67618406 0.45028216 -0.44286522 -0.20008636 -0.87397712 0.68106371 -0.70904285 -0.18278500 -210.41427612 -133.68063354 587.44934082
-0.58417445 -0.67377019 0.45251837 -0.44192305 -0.20359910 -0.87364256 0.68076706 -0.71033800 -0.17881763 -209.63912964 -134.11054993 587.68786621
-0.58487427 -0.67187643 0.45442742 -0.44149828 -0.20628437 -0.87322730 0.68044209 -0.71135688 -0.17598206 -209.04832458 -134.33245850 587.89105225
-0.58541965 -0.67010212 0.45634088 -0.44100302 -0.20910975 -0.87280566 0.68029398 -0.71220577 -0.17309996 -208.54202271 -134.55926514 588.05633545
-0.58582795 -0.66844696 0.45824081 -0.44057044 -0.21190599 -0.87234950 0.68022329 -0.71293360 -0.17035748 -208.11174011 -134.72796631 588.19909668
-0.58593166 -0.66717476 0.45995927 -0.44051284 -0.21417604 -0.87182426 0.68017071 -0.71344757 -0.16840607 -207.83029175 -134.75340271 588.30950928
-0.58613235 -0.66594595 0.46147916 -0.44014996 -0.21647994 -0.87143779 0.68023235 -0.71389842 -0.16623063 -207.53477478 -134.89617920 588.40100098
-0.58588678 -0.66510326 0.46300620 -0.44014731 -0.21855998 -0.87092006 0.68044567 -0.71405178 -0.16469160 -207.42088318 -134.92581177 588.44171143
-0.58582604 -0.66411561 0.46449834 -0.44006503 -0.22062075 -0.87044227 0.68055218 -0.71433693 -0.16300869 -207.25965881 -134.92681885 588.50451660
-0.58578783 -0.66307551 0.46602869 -0.44001919 -0.22268723 -0.86993855 0.68061405 -0.71466100 -0.16131884 -207.11283875 -134.86872864 588.57177734
-0.58600593 -0.66204315 0.46722129 -0.43981001 -0.22440568 -0.86960316 0.68056238 -0.71508080 -0.15967011 -206.91633606 -134.82617188 588.65393066
-0.58597296 -0.66115475 0.46851909 -0.44008318 -0.22583260 -0.86909509 0.68041289 -0.71545357 -0.15863116 -206.82627869 -134.54614258 588.73620605
-0.58558494 -0.66038400 0.47008863 -0.44024295 -0.22784750 -0.86848801 0.68064433 -0.71552652 -0.15730518 -206.86854553 -134.33676147 588.75250244
-0.58454573 -0.65981525 0.47217727 -0.44043869 -0.23070312 -0.86763477 0.68141109 -0.71513689 -0.15575166 -207.09197998 -134.21275330 588.67999268
-0.58303481 -0.65933925 0.47470254 -0.44055891 -0.23434715 -0.86659622 0.68262601 -0.71438998 -0.15384531 -207.45605469 -134.19424438 588.53155518
-0.58197266 -0.65862125 0.47699672 -0.44035003 -0.23789357 -0.86573577 0.68366599 -0.71388042 -0.15157600 -207.66729736 -134.29328918 588.42376709
-0.58102995 -0.65799731 0.47900268 -0.44002619 -0.24114022 -0.86500174 0.68467623 -0.71336526 -0.14942645 -207.85313416 -134.46032715 588.31427002
-0.57987618 -0.65754336 0.48101991 -0.44006094 -0.24408449 -0.86415797 0.68563074 -0.71278286 -0.14782022 -208.13003540 -134.47941589 588.19647217
-0.57880908 -0.65681344 0.48329678 -0.44001827 -0.24742119 -0.86323005 0.68655932 -0.71230507 -0.14579991 -208.36164856 -134.51425171 588.09448242
-0.57780474 -0.65614653 0.48540011 -0.43982074 -0.25066736 -0.86239320 0.68753153 -0.71178412 -0.14374982 -208.57843018 -134.64077759 587.98223877
-0.57689285 -0.65551966 0.48732686 -0.43966752 -0.25360811 -0.86161202 0.68839389 -0.71131998 -0.14190626 -208.77569580 -134.74085999 587.88293457
-0.57612801 -0.65503430 0.48888299 -0.43945545 -0.25607884 -0.86098921 0.68917006 -0.71088248 -0.14032432 -208.94157410 -134.87222290 587.79058838
-0.57548028 -0.65473580 0.49004522 -0.43959832 -0.25763187 -0.86045307 0.68962061 -0.71059650 -0.13955875 -209.10340881 -134.82461548 587.73425293
-0.57465667 -0.65451986 0.49129841 -0.43976137 -0.25932899 -0.85985976 0.69020265 -0.71017808 -0.13880730 -209.32456970 -134.78593445 587.65161133
-0.57396680 -0.65441549 0.49224266 -0.43981794 -0.26069272 -0.85941803 0.69074047 -0.70977426 -0.13819490 -209.51437378 -134.79603577 587.57196045
-0.57352006 -0.65419984 0.49304953 -0.43984243 -0.26184377 -0.85905552 0.69109625 -0.70954937 -0.13757269 -209.62623596 -134.79376221 587.52655029
-0.57307744 -0.65411234 0.49368018 -0.43982336 -0.26280719 -0.85877126 0.69147521 -0.70927411 -0.13708532 -209.74595642 -134.82205200 587.47161865
-0.57262117 -0.65379453 0.49462861 -0.43975961 -0.26423654 -0.85836500 0.69189298 -0.70903611 -0.13620521 -209.85127258 -134.85894775 587.42120361
-0.57215422 -0.65338725 0.49570638 -0.43980017 -0.26573002 -0.85788310 0.69225389 -0.70885313 -0.13532150 -209.95819092 -134.83656311 587.38146973
-0.57143795 -0.65249914 0.49769819 -0.44007254 -0.26824972 -0.85695893 0.69267231 -0.70872200 -0.13385901 -210.11216736 -134.69267273 587.34765625
-0.57103890 -0.65150380 0.49945715 -0.43994054 -0.27079621 -0.85622519 0.69308537 -0.70866907 -0.13198744 -210.15283203 -134.71891785 587.32757568
-0.57056707 -0.65038097 0.50145566 -0.43976513 -0.27372003 -0.85538542 0.69358522 -0.70857728 -0.12983954 -210.20768738 -134.77319336 587.29736328
-0.57034290 -0.64952844 0.50281513 -0.43944919 -0.27588621 -0.85485196 0.69396985 -0.70852017 -0.12808511 -210.20239258 -134.89059448 587.27825928
-0.56997514 -0.64879662 0.50417352 -0.43941933 -0.27779353 -0.85424900 0.69428992 -0.70844465 -0.12675823 -210.25877380 -134.88670349 587.25775146
-0.56951958 -0.64815116 0.50551587 -0.43946230 -0.27962646 -0.85362858 0.69463676 -0.70831382 -0.12558535 -210.35028076 -134.86474609 587.22686768
-0.56922317 -0.64768982 0.50644082 -0.43933156 -0.28104815 -0.85322893 0.69496214 -0.70817345 -0.12457179 -210.40023804 -134.92874146 587.19567871
-0.56881398 -0.64728045 0.50742310 -0.43924725 -0.28252485 -0.85278475 0.69535035 -0.70796025 -0.12361216 -210.48921204 -134.98869324 587.14984131
-0.56855536 -0.64697737 0.50809962 -0.43904319 -0.28368393 -0.85250467 0.69569093 -0.70777392 -0.12276122 -210.53640747 -135.10061646 587.11029053
-0.56824082 -0.64677829 0.50870383 -0.43894058 -0.28465724 -0.85223329 0.69601262 -0.70756394 -0.12214350 -210.61062622 -135.17475891 587.06707764
-0.56786823 -0.64667732 0.50924760 -0.43899250 -0.28540668 -0.85195571 0.69628352 -0.70735461 -0.12181314 -210.71400452 -135.18212891 587.02478027
-0.56745833 -0.64655960 0.50985444 -0.43918708 -0.28610358 -0.85162169 0.69649494 -0.70718116 -0.12160842 -210.83312988 -135.11784363 586.98980713
-0.56705946 -0.64640039 0.51049989 -0.43947852 -0.28674921 -0.85125417 0.69663632 -0.70706522 -0.12147535 -210.94979858 -134.99880981 586.96624756
-0.56698751 -0.64614052 0.51090920 -0.43932015 -0.28746554 -0.85109413 0.69679487 -0.70701236 -0.12087302 -210.94732666 -135.07037354 586.95440674
-0.56692749 -0.64597684 0.51118225 -0.43909803 -0.28806365 -0.85100645 0.69698346 -0.70691824 -0.12033620 -210.94502258 -135.18115234 586.93475342
-0.56697673 -0.64579290 0.51136082 -0.43864989 -0.28874266 -0.85100758 0.69722623 -0.70680982 -0.11956655 -210.90147400 -135.39653015 586.91156006
-0.56684208 -0.64577806 0.51152790 -0.43858457 -0.28905943 -0.85093355 0.69737619 -0.70669329 -0.11937729 -210.93609619 -135.44546509 586.88873291
-0.56653392 -0.64581949 0.51181608 -0.43907285 -0.28901392 -0.85069746 0.69731951 -0.70667309 -0.11982574 -211.04513550 -135.23101807 586.88647461
-0.56588268 -0.64578819 0.51257664 -0.43991175 -0.28931323 -0.85016227 0.69732010 -0.70658034 -0.12037271 -211.24028015 -134.87960815 586.87506104
-0.56524593 -0.64574432 0.51333410 -0.44070014 -0.28965610 -0.84963709 0.69733834 -0.70648015 -0.12085281 -211.45799255 -134.52268982 586.85546875
-0.56476301 -0.64574832 0.51385897 -0.44139430 -0.28975350 -0.84924316 0.69729006 -0.70643604 -0.12138762 -211.60379028 -134.23081970 586.85314941
-0.56437993 -0.64583147 0.51417559 -0.44200057 -0.28964356 -0.84896535 0.69721675 -0.70640439 -0.12198894 -211.69964600 -134.00462341 586.85906982
-0.56398171 -0.64604521 0.51434433 -0.44258872 -0.28936109 -0.84875512 0.69716585 -0.70632559 -0.12273809 -211.80560303 -133.79983521 586.85638428
-0.56378049 -0.64647222 0.51402813 -0.44317698 -0.28839666 -0.84877628 0.69695437 -0.70632893 -0.12390900 -211.83656311 -133.62731934 586.87841797
-0.56347919 -0.64640206 0.51444757 -0.44366458 -0.28852370 -0.84847850 0.69688791 -0.70634186 -0.12420867 -211.87091064 -133.46348572 586.89819336
-0.56330442 -0.64646125 0.51456285 -0.44408798 -0.28828606 -0.84833759 0.69675899 -0.70638382 -0.12469291 -211.86247253 -133.34219360 586.92724609
-0.56335241 -0.64644575 0.51453042 -0.44447672 -0.28783846 -0.84828621 0.69647270 -0.70658094 -0.12517558 -211.79202271 -133.20533752 586.98492432
-0.56360769 -0.64612460 0.51465374 -0.44455266 -0.28786296 -0.84823769 0.69621742 -0.70686430 -0.12499415 -211.63534546 -133.18316650 587.05657959
-0.56386697 -0.64582318 0.51474851 -0.44453022 -0.28794849 -0.84822071 0.69602197 -0.70710504 -0.12472317 -211.48567200 -133.20312500 587.11755371
-0.56409281 -0.64561170 0.51476663 -0.44462416 -0.28782445 -0.84821326 0.69577932 -0.70734888 -0.12469482 -211.36503601 -133.16345215 587.17749023
-0.56414336 -0.64543802 0.51492798 -0.44478723 -0.28785759 -0.84811634 0.69563329 -0.70749319 -0.12468947 -211.30102539 -133.10641479 587.21765137
-0.56430519 -0.64518780 0.51506561 -0.44488472 -0.28790256 -0.84805036 0.69544035 -0.70770377 -0.12456944 -211.19396973 -133.07067871 587.27130127
-0.56457174 -0.64502865 0.51497257 -0.44493598 -0.28766480 -0.84810430 0.69519109 -0.70794547 -0.12458921 -211.06291199 -133.05307007 587.33099365
-0.56482673 -0.64487892 0.51488096 -0.44490412 -0.28751752 -0.84817123 0.69500506 -0.70814174 -0.12451123 -210.93601990 -133.07984924 587.38073730
-0.56509066 -0.64469671 0.51481956 -0.44483235 -0.28744727 -0.84823239 0.69483602 -0.70833653 -0.12434797 -210.80659485 -133.12161255 587.42883301
-0.56533486 -0.64442229 0.51489484 -0.44480222 -0.28751886 -0.84822381 0.69465590 -0.70855749 -0.12409597 -210.68069458 -133.13308716 587.48126221
-0.56583071 -0.64388597 0.51502097 -0.44459108 -0.28778437 -0.84824425 0.69438791 -0.70893639 -0.12342859 -210.46049500 -133.20042419 587.56152344
